 TITLE     = "Mesh"
 VARIABLES = "x"
 "y"
 ZONE T="Block            1 "
 I=  45, J=  12, K= 1, ZONETYPE=Ordered
 DATAPACKING=BLOCK
 DT=(SINGLE SINGLE)
    0.0000000000E+00
    0.3464652458E-04
    0.1560228184E-03
    0.5205050382E-03
    0.1250000000E-02
    0.1994761043E-02
    0.2500000000E-02
    0.3010614955E-02
    0.3862795326E-02
    0.5000000000E-02
    0.6137204674E-02
    0.6989385045E-02
    0.7500000000E-02
    0.8074914840E-02
    0.9308847203E-02
    0.1125000000E-01
    0.1319115280E-01
    0.1442508516E-01
    0.1500000000E-01
    0.1551061496E-01
    0.1636279533E-01
    0.1750000000E-01
    0.1863720467E-01
    0.1948938504E-01
    0.2000000000E-01
    0.2043676653E-01
    0.2098297169E-01
    0.2166065570E-01
    0.2249326422E-01
    0.2350398016E-01
    0.2471313619E-01
    0.2613470386E-01
    0.2777215643E-01
    0.2961442319E-01
    0.3163305747E-01
    0.3378188203E-01
    0.3600000000E-01
    0.3858758709E-01
    0.4115283241E-01
    0.4367415919E-01
    0.4613146571E-01
    0.4850673192E-01
    0.5078448672E-01
    0.5295211497E-01
    0.5500000000E-01
    0.0000000000E+00
    0.3464652458E-04
    0.1560228184E-03
    0.5205050382E-03
    0.1250000000E-02
    0.1994761043E-02
    0.2500000000E-02
    0.3010614955E-02
    0.3862795326E-02
    0.5000000000E-02
    0.6137204674E-02
    0.6989385045E-02
    0.7500000000E-02
    0.8074914840E-02
    0.9308847203E-02
    0.1125000000E-01
    0.1319115280E-01
    0.1442508516E-01
    0.1500000000E-01
    0.1551061496E-01
    0.1636279533E-01
    0.1750000000E-01
    0.1863720467E-01
    0.1948938504E-01
    0.2000000000E-01
    0.2043676653E-01
    0.2098297169E-01
    0.2166065570E-01
    0.2249326422E-01
    0.2350398016E-01
    0.2471313619E-01
    0.2613470386E-01
    0.2777215643E-01
    0.2961442319E-01
    0.3163305747E-01
    0.3378188203E-01
    0.3600000000E-01
    0.3858758709E-01
    0.4115283241E-01
    0.4367415919E-01
    0.4613146571E-01
    0.4850673192E-01
    0.5078448672E-01
    0.5295211497E-01
    0.5500000000E-01
    0.0000000000E+00
    0.3464652458E-04
    0.1560228184E-03
    0.5205050382E-03
    0.1250000000E-02
    0.1994761043E-02
    0.2500000000E-02
    0.3010614955E-02
    0.3862795326E-02
    0.5000000000E-02
    0.6137204674E-02
    0.6989385045E-02
    0.7500000000E-02
    0.8074914840E-02
    0.9308847203E-02
    0.1125000000E-01
    0.1319115280E-01
    0.1442508516E-01
    0.1500000000E-01
    0.1551061496E-01
    0.1636279533E-01
    0.1750000000E-01
    0.1863720467E-01
    0.1948938504E-01
    0.2000000000E-01
    0.2043676653E-01
    0.2098297169E-01
    0.2166065570E-01
    0.2249326422E-01
    0.2350398016E-01
    0.2471313619E-01
    0.2613470386E-01
    0.2777215643E-01
    0.2961442319E-01
    0.3163305747E-01
    0.3378188203E-01
    0.3600000000E-01
    0.3858758709E-01
    0.4115283241E-01
    0.4367415919E-01
    0.4613146571E-01
    0.4850673192E-01
    0.5078448672E-01
    0.5295211497E-01
    0.5500000000E-01
    0.0000000000E+00
    0.3464652458E-04
    0.1560228184E-03
    0.5205050382E-03
    0.1250000000E-02
    0.1994761043E-02
    0.2500000000E-02
    0.3010614955E-02
    0.3862795326E-02
    0.5000000000E-02
    0.6137204674E-02
    0.6989385045E-02
    0.7500000000E-02
    0.8074914840E-02
    0.9308847203E-02
    0.1125000000E-01
    0.1319115280E-01
    0.1442508516E-01
    0.1500000000E-01
    0.1551061496E-01
    0.1636279533E-01
    0.1750000000E-01
    0.1863720467E-01
    0.1948938504E-01
    0.2000000000E-01
    0.2043676653E-01
    0.2098297169E-01
    0.2166065570E-01
    0.2249326422E-01
    0.2350398016E-01
    0.2471313619E-01
    0.2613470386E-01
    0.2777215643E-01
    0.2961442319E-01
    0.3163305747E-01
    0.3378188203E-01
    0.3600000000E-01
    0.3858758709E-01
    0.4115283241E-01
    0.4367415919E-01
    0.4613146571E-01
    0.4850673192E-01
    0.5078448672E-01
    0.5295211497E-01
    0.5500000000E-01
    0.0000000000E+00
    0.3464652458E-04
    0.1560228184E-03
    0.5205050382E-03
    0.1250000000E-02
    0.1994761043E-02
    0.2500000000E-02
    0.3010614955E-02
    0.3862795326E-02
    0.5000000000E-02
    0.6137204674E-02
    0.6989385045E-02
    0.7500000000E-02
    0.8074914840E-02
    0.9308847203E-02
    0.1125000000E-01
    0.1319115280E-01
    0.1442508516E-01
    0.1500000000E-01
    0.1551061496E-01
    0.1636279533E-01
    0.1750000000E-01
    0.1863720467E-01
    0.1948938504E-01
    0.2000000000E-01
    0.2043676653E-01
    0.2098297169E-01
    0.2166065570E-01
    0.2249326422E-01
    0.2350398016E-01
    0.2471313619E-01
    0.2613470386E-01
    0.2777215643E-01
    0.2961442319E-01
    0.3163305747E-01
    0.3378188203E-01
    0.3600000000E-01
    0.3858758709E-01
    0.4115283241E-01
    0.4367415919E-01
    0.4613146571E-01
    0.4850673192E-01
    0.5078448672E-01
    0.5295211497E-01
    0.5500000000E-01
    0.0000000000E+00
    0.3464652458E-04
    0.1560228184E-03
    0.5205050382E-03
    0.1250000000E-02
    0.1994761043E-02
    0.2500000000E-02
    0.3010614955E-02
    0.3862795326E-02
    0.5000000000E-02
    0.6137204674E-02
    0.6989385045E-02
    0.7500000000E-02
    0.8074914840E-02
    0.9308847203E-02
    0.1125000000E-01
    0.1319115280E-01
    0.1442508516E-01
    0.1500000000E-01
    0.1551061496E-01
    0.1636279533E-01
    0.1750000000E-01
    0.1863720467E-01
    0.1948938504E-01
    0.2000000000E-01
    0.2043676653E-01
    0.2098297169E-01
    0.2166065570E-01
    0.2249326422E-01
    0.2350398016E-01
    0.2471313619E-01
    0.2613470386E-01
    0.2777215643E-01
    0.2961442319E-01
    0.3163305747E-01
    0.3378188203E-01
    0.3600000000E-01
    0.3826085371E-01
    0.4050218673E-01
    0.4270514680E-01
    0.4485217040E-01
    0.4692751288E-01
    0.4891765668E-01
    0.5081157955E-01
    0.5260087912E-01
    0.0000000000E+00
    0.3464652458E-04
    0.1560228184E-03
    0.5205050382E-03
    0.1250000000E-02
    0.1994761043E-02
    0.2500000000E-02
    0.3010614955E-02
    0.3862795326E-02
    0.5000000000E-02
    0.6137204674E-02
    0.6989385045E-02
    0.7500000000E-02
    0.8074914840E-02
    0.9308847203E-02
    0.1125000000E-01
    0.1319115280E-01
    0.1442508516E-01
    0.1500000000E-01
    0.1551061496E-01
    0.1636279533E-01
    0.1750000000E-01
    0.1863720467E-01
    0.1948938504E-01
    0.2000000000E-01
    0.2043676653E-01
    0.2098297169E-01
    0.2166065570E-01
    0.2249326422E-01
    0.2350398016E-01
    0.2471313619E-01
    0.2613470386E-01
    0.2777215643E-01
    0.2961442319E-01
    0.3163305747E-01
    0.3378188203E-01
    0.3600000000E-01
    0.3805614662E-01
    0.4009454003E-01
    0.4209803493E-01
    0.4405065809E-01
    0.4593809044E-01
    0.4774803835E-01
    0.4947047757E-01
    0.5109776652E-01
    0.0000000000E+00
    0.3464652458E-04
    0.1560228184E-03
    0.5205050382E-03
    0.1250000000E-02
    0.1994761043E-02
    0.2500000000E-02
    0.3010614955E-02
    0.3862795326E-02
    0.5000000000E-02
    0.6137204674E-02
    0.6989385045E-02
    0.7500000000E-02
    0.8074914840E-02
    0.9308847203E-02
    0.1125000000E-01
    0.1319115280E-01
    0.1442508516E-01
    0.1500000000E-01
    0.1551061496E-01
    0.1636279533E-01
    0.1750000000E-01
    0.1863720467E-01
    0.1948938504E-01
    0.2000000000E-01
    0.2043676653E-01
    0.2098297169E-01
    0.2166065570E-01
    0.2249326422E-01
    0.2350398016E-01
    0.2471313619E-01
    0.2613470386E-01
    0.2777215643E-01
    0.2961442319E-01
    0.3163305747E-01
    0.3378188203E-01
    0.3600000000E-01
    0.3796276703E-01
    0.3990858711E-01
    0.4182109359E-01
    0.4368503866E-01
    0.4548675356E-01
    0.4721450295E-01
    0.4885871785E-01
    0.5041210372E-01
    0.0000000000E+00
    0.3464652458E-04
    0.1560228184E-03
    0.5205050382E-03
    0.1250000000E-02
    0.1994761043E-02
    0.2500000000E-02
    0.3010614955E-02
    0.3862795326E-02
    0.5000000000E-02
    0.6137204674E-02
    0.6989385045E-02
    0.7500000000E-02
    0.8074914840E-02
    0.9308847203E-02
    0.1125000000E-01
    0.1319115280E-01
    0.1442508516E-01
    0.1500000000E-01
    0.1551061496E-01
    0.1636279533E-01
    0.1750000000E-01
    0.1863720467E-01
    0.1948938504E-01
    0.2000000000E-01
    0.2043676653E-01
    0.2098297169E-01
    0.2166065570E-01
    0.2249326422E-01
    0.2350398016E-01
    0.2471313619E-01
    0.2613470386E-01
    0.2777215643E-01
    0.2961442319E-01
    0.3163305747E-01
    0.3378188203E-01
    0.3600000000E-01
    0.3792637134E-01
    0.3983610999E-01
    0.4171315277E-01
    0.4354253461E-01
    0.4531084022E-01
    0.4700655186E-01
    0.4862027801E-01
    0.5014485937E-01
    0.0000000000E+00
    0.3464652458E-04
    0.1560228184E-03
    0.5205050382E-03
    0.1250000000E-02
    0.1994761043E-02
    0.2500000000E-02
    0.3010614955E-02
    0.3862795326E-02
    0.5000000000E-02
    0.6137204674E-02
    0.6989385045E-02
    0.7500000000E-02
    0.8074914840E-02
    0.9308847203E-02
    0.1125000000E-01
    0.1319115280E-01
    0.1442508516E-01
    0.1500000000E-01
    0.1551061496E-01
    0.1636279533E-01
    0.1750000000E-01
    0.1863720467E-01
    0.1948938504E-01
    0.2000000000E-01
    0.2043676653E-01
    0.2098297169E-01
    0.2166065570E-01
    0.2249326422E-01
    0.2350398016E-01
    0.2471313619E-01
    0.2613470386E-01
    0.2777215643E-01
    0.2961442319E-01
    0.3163305747E-01
    0.3378188203E-01
    0.3600000000E-01
    0.3791306903E-01
    0.3980962021E-01
    0.4167370131E-01
    0.4349045059E-01
    0.4524654539E-01
    0.4693054751E-01
    0.4853313028E-01
    0.5004718383E-01
    0.0000000000E+00
    0.3464652458E-04
    0.1560228184E-03
    0.5205050382E-03
    0.1250000000E-02
    0.1994761043E-02
    0.2500000000E-02
    0.3010614955E-02
    0.3862795326E-02
    0.5000000000E-02
    0.6137204674E-02
    0.6989385045E-02
    0.7500000000E-02
    0.8074914840E-02
    0.9308847203E-02
    0.1125000000E-01
    0.1319115280E-01
    0.1442508516E-01
    0.1500000000E-01
    0.1551061496E-01
    0.1636279533E-01
    0.1750000000E-01
    0.1863720467E-01
    0.1948938504E-01
    0.2000000000E-01
    0.2043676653E-01
    0.2098297169E-01
    0.2166065570E-01
    0.2249326422E-01
    0.2350398016E-01
    0.2471313619E-01
    0.2613470386E-01
    0.2777215643E-01
    0.2961442319E-01
    0.3163305747E-01
    0.3378188203E-01
    0.3600000000E-01
    0.3790832234E-01
    0.3980016783E-01
    0.4165962379E-01
    0.4347186537E-01
    0.4522360297E-01
    0.4690342677E-01
    0.4850203322E-01
    0.5001233012E-01
    0.0000000000E+00
    0.3464652458E-04
    0.1560228184E-03
    0.5205050382E-03
    0.1250000000E-02
    0.1994761043E-02
    0.2500000000E-02
    0.3010614955E-02
    0.3862795326E-02
    0.5000000000E-02
    0.6137204674E-02
    0.6989385045E-02
    0.7500000000E-02
    0.8074914840E-02
    0.9308847203E-02
    0.1125000000E-01
    0.1319115280E-01
    0.1442508516E-01
    0.1500000000E-01
    0.1551061496E-01
    0.1636279533E-01
    0.1750000000E-01
    0.1863720467E-01
    0.1948938504E-01
    0.2000000000E-01
    0.2043676653E-01
    0.2098297169E-01
    0.2166065570E-01
    0.2249326422E-01
    0.2350398016E-01
    0.2471313619E-01
    0.2613470386E-01
    0.2777215643E-01
    0.2961442319E-01
    0.3163305747E-01
    0.3378188203E-01
    0.3600000000E-01
    0.3790664312E-01
    0.3979682388E-01
    0.4165464362E-01
    0.4346529052E-01
    0.4521548668E-01
    0.4689383232E-01
    0.4849103208E-01
    0.5000000000E-01
    0.0000000000E+00
    0.0000000000E+00
    0.0000000000E+00
    0.0000000000E+00
    0.0000000000E+00
    0.0000000000E+00
    0.0000000000E+00
    0.0000000000E+00
    0.0000000000E+00
    0.0000000000E+00
    0.0000000000E+00
    0.0000000000E+00
    0.0000000000E+00
    0.0000000000E+00
    0.0000000000E+00
    0.0000000000E+00
    0.0000000000E+00
    0.0000000000E+00
    0.0000000000E+00
    0.0000000000E+00
    0.0000000000E+00
    0.0000000000E+00
    0.0000000000E+00
    0.0000000000E+00
    0.0000000000E+00
    0.0000000000E+00
    0.0000000000E+00
    0.0000000000E+00
    0.0000000000E+00
    0.0000000000E+00
    0.0000000000E+00
    0.0000000000E+00
    0.0000000000E+00
    0.0000000000E+00
    0.0000000000E+00
    0.0000000000E+00
    0.0000000000E+00
    0.0000000000E+00
    0.0000000000E+00
    0.0000000000E+00
    0.0000000000E+00
    0.0000000000E+00
    0.0000000000E+00
    0.0000000000E+00
    0.0000000000E+00
    0.1875000000E-02
    0.1875000000E-02
    0.1875000000E-02
    0.1875000000E-02
    0.1875000000E-02
    0.1875000000E-02
    0.1875000000E-02
    0.1875000000E-02
    0.1875000000E-02
    0.1875000000E-02
    0.1875000000E-02
    0.1875000000E-02
    0.1875000000E-02
    0.1875000000E-02
    0.1875000000E-02
    0.1875000000E-02
    0.1875000000E-02
    0.1875000000E-02
    0.1875000000E-02
    0.1875000000E-02
    0.1875000000E-02
    0.1875000000E-02
    0.1875000000E-02
    0.1875000000E-02
    0.1875000000E-02
    0.1875000000E-02
    0.1875000000E-02
    0.1875000000E-02
    0.1875000000E-02
    0.1875000000E-02
    0.1875000000E-02
    0.1875000000E-02
    0.1875000000E-02
    0.1875000000E-02
    0.1875000000E-02
    0.1875000000E-02
    0.1875000000E-02
    0.1875000000E-02
    0.1875000000E-02
    0.1875000000E-02
    0.1875000000E-02
    0.1875000000E-02
    0.1875000000E-02
    0.1875000000E-02
    0.1875000000E-02
    0.3750000000E-02
    0.3750000000E-02
    0.3750000000E-02
    0.3750000000E-02
    0.3750000000E-02
    0.3750000000E-02
    0.3750000000E-02
    0.3750000000E-02
    0.3750000000E-02
    0.3750000000E-02
    0.3750000000E-02
    0.3750000000E-02
    0.3750000000E-02
    0.3750000000E-02
    0.3750000000E-02
    0.3750000000E-02
    0.3750000000E-02
    0.3750000000E-02
    0.3750000000E-02
    0.3750000000E-02
    0.3750000000E-02
    0.3750000000E-02
    0.3750000000E-02
    0.3750000000E-02
    0.3750000000E-02
    0.3750000000E-02
    0.3750000000E-02
    0.3750000000E-02
    0.3750000000E-02
    0.3750000000E-02
    0.3750000000E-02
    0.3750000000E-02
    0.3750000000E-02
    0.3750000000E-02
    0.3750000000E-02
    0.3750000000E-02
    0.3750000000E-02
    0.3750000000E-02
    0.3750000000E-02
    0.3750000000E-02
    0.3750000000E-02
    0.3750000000E-02
    0.3750000000E-02
    0.3750000000E-02
    0.3750000000E-02
    0.5625000000E-02
    0.5625000000E-02
    0.5625000000E-02
    0.5625000000E-02
    0.5625000000E-02
    0.5625000000E-02
    0.5625000000E-02
    0.5625000000E-02
    0.5625000000E-02
    0.5625000000E-02
    0.5625000000E-02
    0.5625000000E-02
    0.5625000000E-02
    0.5625000000E-02
    0.5625000000E-02
    0.5625000000E-02
    0.5625000000E-02
    0.5625000000E-02
    0.5625000000E-02
    0.5625000000E-02
    0.5625000000E-02
    0.5625000000E-02
    0.5625000000E-02
    0.5625000000E-02
    0.5625000000E-02
    0.5625000000E-02
    0.5625000000E-02
    0.5625000000E-02
    0.5625000000E-02
    0.5625000000E-02
    0.5625000000E-02
    0.5625000000E-02
    0.5625000000E-02
    0.5625000000E-02
    0.5625000000E-02
    0.5625000000E-02
    0.5625000000E-02
    0.5625000000E-02
    0.5625000000E-02
    0.5625000000E-02
    0.5625000000E-02
    0.5625000000E-02
    0.5625000000E-02
    0.5625000000E-02
    0.5625000000E-02
    0.7500000000E-02
    0.7500000000E-02
    0.7500000000E-02
    0.7500000000E-02
    0.7500000000E-02
    0.7500000000E-02
    0.7500000000E-02
    0.7500000000E-02
    0.7500000000E-02
    0.7500000000E-02
    0.7500000000E-02
    0.7500000000E-02
    0.7500000000E-02
    0.7500000000E-02
    0.7500000000E-02
    0.7500000000E-02
    0.7500000000E-02
    0.7500000000E-02
    0.7500000000E-02
    0.7500000000E-02
    0.7500000000E-02
    0.7500000000E-02
    0.7500000000E-02
    0.7500000000E-02
    0.7500000000E-02
    0.7500000000E-02
    0.7500000000E-02
    0.7500000000E-02
    0.7500000000E-02
    0.7500000000E-02
    0.7500000000E-02
    0.7500000000E-02
    0.7500000000E-02
    0.7500000000E-02
    0.7500000000E-02
    0.7500000000E-02
    0.7500000000E-02
    0.7500000000E-02
    0.7500000000E-02
    0.7500000000E-02
    0.7500000000E-02
    0.7500000000E-02
    0.7500000000E-02
    0.7500000000E-02
    0.7500000000E-02
    0.9899120880E-02
    0.9899120880E-02
    0.9899120880E-02
    0.9899120880E-02
    0.9899120880E-02
    0.9899120880E-02
    0.9899120880E-02
    0.9899120880E-02
    0.9899120880E-02
    0.9899120880E-02
    0.9899120880E-02
    0.9899120880E-02
    0.9899120880E-02
    0.9899120880E-02
    0.9899120880E-02
    0.9899120880E-02
    0.9899120880E-02
    0.9899120880E-02
    0.9899120880E-02
    0.9899120880E-02
    0.9899120880E-02
    0.9899120880E-02
    0.9899120880E-02
    0.9899120880E-02
    0.9899120880E-02
    0.9899120880E-02
    0.9899120880E-02
    0.9899120880E-02
    0.9899120880E-02
    0.9899120880E-02
    0.9899120880E-02
    0.9899120880E-02
    0.9899120880E-02
    0.9899120880E-02
    0.9899120880E-02
    0.9899120880E-02
    0.9899120880E-02
    0.9899120880E-02
    0.9899120880E-02
    0.9899120880E-02
    0.9899120880E-02
    0.9899120880E-02
    0.9899120880E-02
    0.9899120880E-02
    0.9899120880E-02
    0.1140223348E-01
    0.1140223348E-01
    0.1140223348E-01
    0.1140223348E-01
    0.1140223348E-01
    0.1140223348E-01
    0.1140223348E-01
    0.1140223348E-01
    0.1140223348E-01
    0.1140223348E-01
    0.1140223348E-01
    0.1140223348E-01
    0.1140223348E-01
    0.1140223348E-01
    0.1140223348E-01
    0.1140223348E-01
    0.1140223348E-01
    0.1140223348E-01
    0.1140223348E-01
    0.1140223348E-01
    0.1140223348E-01
    0.1140223348E-01
    0.1140223348E-01
    0.1140223348E-01
    0.1140223348E-01
    0.1140223348E-01
    0.1140223348E-01
    0.1140223348E-01
    0.1140223348E-01
    0.1140223348E-01
    0.1140223348E-01
    0.1140223348E-01
    0.1140223348E-01
    0.1140223348E-01
    0.1140223348E-01
    0.1140223348E-01
    0.1140223348E-01
    0.1140223348E-01
    0.1140223348E-01
    0.1140223348E-01
    0.1140223348E-01
    0.1140223348E-01
    0.1140223348E-01
    0.1140223348E-01
    0.1140223348E-01
    0.1208789628E-01
    0.1208789628E-01
    0.1208789628E-01
    0.1208789628E-01
    0.1208789628E-01
    0.1208789628E-01
    0.1208789628E-01
    0.1208789628E-01
    0.1208789628E-01
    0.1208789628E-01
    0.1208789628E-01
    0.1208789628E-01
    0.1208789628E-01
    0.1208789628E-01
    0.1208789628E-01
    0.1208789628E-01
    0.1208789628E-01
    0.1208789628E-01
    0.1208789628E-01
    0.1208789628E-01
    0.1208789628E-01
    0.1208789628E-01
    0.1208789628E-01
    0.1208789628E-01
    0.1208789628E-01
    0.1208789628E-01
    0.1208789628E-01
    0.1208789628E-01
    0.1208789628E-01
    0.1208789628E-01
    0.1208789628E-01
    0.1208789628E-01
    0.1208789628E-01
    0.1208789628E-01
    0.1208789628E-01
    0.1208789628E-01
    0.1208789628E-01
    0.1208789628E-01
    0.1208789628E-01
    0.1208789628E-01
    0.1208789628E-01
    0.1208789628E-01
    0.1208789628E-01
    0.1208789628E-01
    0.1208789628E-01
    0.1235514063E-01
    0.1235514063E-01
    0.1235514063E-01
    0.1235514063E-01
    0.1235514063E-01
    0.1235514063E-01
    0.1235514063E-01
    0.1235514063E-01
    0.1235514063E-01
    0.1235514063E-01
    0.1235514063E-01
    0.1235514063E-01
    0.1235514063E-01
    0.1235514063E-01
    0.1235514063E-01
    0.1235514063E-01
    0.1235514063E-01
    0.1235514063E-01
    0.1235514063E-01
    0.1235514063E-01
    0.1235514063E-01
    0.1235514063E-01
    0.1235514063E-01
    0.1235514063E-01
    0.1235514063E-01
    0.1235514063E-01
    0.1235514063E-01
    0.1235514063E-01
    0.1235514063E-01
    0.1235514063E-01
    0.1235514063E-01
    0.1235514063E-01
    0.1235514063E-01
    0.1235514063E-01
    0.1235514063E-01
    0.1235514063E-01
    0.1235514063E-01
    0.1235514063E-01
    0.1235514063E-01
    0.1235514063E-01
    0.1235514063E-01
    0.1235514063E-01
    0.1235514063E-01
    0.1235514063E-01
    0.1235514063E-01
    0.1245281617E-01
    0.1245281617E-01
    0.1245281617E-01
    0.1245281617E-01
    0.1245281617E-01
    0.1245281617E-01
    0.1245281617E-01
    0.1245281617E-01
    0.1245281617E-01
    0.1245281617E-01
    0.1245281617E-01
    0.1245281617E-01
    0.1245281617E-01
    0.1245281617E-01
    0.1245281617E-01
    0.1245281617E-01
    0.1245281617E-01
    0.1245281617E-01
    0.1245281617E-01
    0.1245281617E-01
    0.1245281617E-01
    0.1245281617E-01
    0.1245281617E-01
    0.1245281617E-01
    0.1245281617E-01
    0.1245281617E-01
    0.1245281617E-01
    0.1245281617E-01
    0.1245281617E-01
    0.1245281617E-01
    0.1245281617E-01
    0.1245281617E-01
    0.1245281617E-01
    0.1245281617E-01
    0.1245281617E-01
    0.1245281617E-01
    0.1245281617E-01
    0.1245281617E-01
    0.1245281617E-01
    0.1245281617E-01
    0.1245281617E-01
    0.1245281617E-01
    0.1245281617E-01
    0.1245281617E-01
    0.1245281617E-01
    0.1248766988E-01
    0.1248766988E-01
    0.1248766988E-01
    0.1248766988E-01
    0.1248766988E-01
    0.1248766988E-01
    0.1248766988E-01
    0.1248766988E-01
    0.1248766988E-01
    0.1248766988E-01
    0.1248766988E-01
    0.1248766988E-01
    0.1248766988E-01
    0.1248766988E-01
    0.1248766988E-01
    0.1248766988E-01
    0.1248766988E-01
    0.1248766988E-01
    0.1248766988E-01
    0.1248766988E-01
    0.1248766988E-01
    0.1248766988E-01
    0.1248766988E-01
    0.1248766988E-01
    0.1248766988E-01
    0.1248766988E-01
    0.1248766988E-01
    0.1248766988E-01
    0.1248766988E-01
    0.1248766988E-01
    0.1248766988E-01
    0.1248766988E-01
    0.1248766988E-01
    0.1248766988E-01
    0.1248766988E-01
    0.1248766988E-01
    0.1248766988E-01
    0.1248766988E-01
    0.1248766988E-01
    0.1248766988E-01
    0.1248766988E-01
    0.1248766988E-01
    0.1248766988E-01
    0.1248766988E-01
    0.1248766988E-01
    0.1250000000E-01
    0.1250000000E-01
    0.1250000000E-01
    0.1250000000E-01
    0.1250000000E-01
    0.1250000000E-01
    0.1250000000E-01
    0.1250000000E-01
    0.1250000000E-01
    0.1250000000E-01
    0.1250000000E-01
    0.1250000000E-01
    0.1250000000E-01
    0.1250000000E-01
    0.1250000000E-01
    0.1250000000E-01
    0.1250000000E-01
    0.1250000000E-01
    0.1250000000E-01
    0.1250000000E-01
    0.1250000000E-01
    0.1250000000E-01
    0.1250000000E-01
    0.1250000000E-01
    0.1250000000E-01
    0.1250000000E-01
    0.1250000000E-01
    0.1250000000E-01
    0.1250000000E-01
    0.1250000000E-01
    0.1250000000E-01
    0.1250000000E-01
    0.1250000000E-01
    0.1250000000E-01
    0.1250000000E-01
    0.1250000000E-01
    0.1250000000E-01
    0.1250000000E-01
    0.1250000000E-01
    0.1250000000E-01
    0.1250000000E-01
    0.1250000000E-01
    0.1250000000E-01
    0.1250000000E-01
    0.1250000000E-01
 ZONE T="Block            2 "
 I=   8, J=  23, K= 1, ZONETYPE=Ordered
 DATAPACKING=BLOCK
 DT=(SINGLE SINGLE)
    0.5000000000E-01
    0.5001233012E-01
    0.5004718383E-01
    0.5014485937E-01
    0.5041210372E-01
    0.5109776652E-01
    0.5260087912E-01
    0.5500000000E-01
    0.5000000000E-01
    0.5001233012E-01
    0.5004718383E-01
    0.5014485937E-01
    0.5041210372E-01
    0.5109776652E-01
    0.5260087912E-01
    0.5500000000E-01
    0.5000000000E-01
    0.5001233012E-01
    0.5004718383E-01
    0.5014485937E-01
    0.5041210372E-01
    0.5109776652E-01
    0.5260087912E-01
    0.5500000000E-01
    0.5000000000E-01
    0.5001233012E-01
    0.5004718383E-01
    0.5014485937E-01
    0.5041210372E-01
    0.5109776652E-01
    0.5260087912E-01
    0.5500000000E-01
    0.5000000000E-01
    0.5001233012E-01
    0.5004718383E-01
    0.5014485937E-01
    0.5041210372E-01
    0.5109776652E-01
    0.5260087912E-01
    0.5500000000E-01
    0.5000000000E-01
    0.5001233012E-01
    0.5004718383E-01
    0.5014485937E-01
    0.5041210372E-01
    0.5109776652E-01
    0.5260087912E-01
    0.5500000000E-01
    0.5000000000E-01
    0.5001233012E-01
    0.5004718383E-01
    0.5014485937E-01
    0.5041210372E-01
    0.5109776652E-01
    0.5260087912E-01
    0.5500000000E-01
    0.5000000000E-01
    0.5001233012E-01
    0.5004718383E-01
    0.5014485937E-01
    0.5041210372E-01
    0.5109776652E-01
    0.5260087912E-01
    0.5500000000E-01
    0.5000000000E-01
    0.5001233012E-01
    0.5004718383E-01
    0.5014485937E-01
    0.5041210372E-01
    0.5109776652E-01
    0.5260087912E-01
    0.5500000000E-01
    0.5000000000E-01
    0.5001233012E-01
    0.5004718383E-01
    0.5014485937E-01
    0.5041210372E-01
    0.5109776652E-01
    0.5260087912E-01
    0.5500000000E-01
    0.5000000000E-01
    0.5001233012E-01
    0.5004718383E-01
    0.5014485937E-01
    0.5041210372E-01
    0.5109776652E-01
    0.5260087912E-01
    0.5500000000E-01
    0.5000000000E-01
    0.5001233012E-01
    0.5004718383E-01
    0.5014485937E-01
    0.5041210372E-01
    0.5109776652E-01
    0.5260087912E-01
    0.5500000000E-01
    0.5000000000E-01
    0.5001233012E-01
    0.5004718383E-01
    0.5014485937E-01
    0.5041210372E-01
    0.5109776652E-01
    0.5260087912E-01
    0.5500000000E-01
    0.5000000000E-01
    0.5001233012E-01
    0.5004718383E-01
    0.5014485937E-01
    0.5041210372E-01
    0.5109776652E-01
    0.5260087912E-01
    0.5500000000E-01
    0.5000000000E-01
    0.5001233012E-01
    0.5004718383E-01
    0.5014485937E-01
    0.5041210372E-01
    0.5109776652E-01
    0.5260087912E-01
    0.5500000000E-01
    0.5000000000E-01
    0.5001233012E-01
    0.5004718383E-01
    0.5014485937E-01
    0.5041210372E-01
    0.5109776652E-01
    0.5260087912E-01
    0.5500000000E-01
    0.5000000000E-01
    0.5001233012E-01
    0.5004718383E-01
    0.5014485937E-01
    0.5041210372E-01
    0.5109776652E-01
    0.5260087912E-01
    0.5500000000E-01
    0.5000000000E-01
    0.5001233012E-01
    0.5004718383E-01
    0.5014485937E-01
    0.5041210372E-01
    0.5109776652E-01
    0.5260087912E-01
    0.5500000000E-01
    0.5000000000E-01
    0.5001233012E-01
    0.5004718383E-01
    0.5014485937E-01
    0.5041210372E-01
    0.5109776652E-01
    0.5260087912E-01
    0.5500000000E-01
    0.5000000000E-01
    0.5001233012E-01
    0.5004718383E-01
    0.5014485937E-01
    0.5041210372E-01
    0.5109776652E-01
    0.5260087912E-01
    0.5500000000E-01
    0.5000000000E-01
    0.5001233012E-01
    0.5004718383E-01
    0.5014485937E-01
    0.5041210372E-01
    0.5109776652E-01
    0.5260087912E-01
    0.5500000000E-01
    0.5000000000E-01
    0.5001233012E-01
    0.5004718383E-01
    0.5014485937E-01
    0.5041210372E-01
    0.5109776652E-01
    0.5260087912E-01
    0.5500000000E-01
    0.5000000000E-01
    0.5001233012E-01
    0.5004718383E-01
    0.5014485937E-01
    0.5041210372E-01
    0.5109776652E-01
    0.5260087912E-01
    0.5500000000E-01
    0.1250000000E-01
    0.1248766988E-01
    0.1245281617E-01
    0.1235514063E-01
    0.1208789628E-01
    0.1140223348E-01
    0.9899120880E-02
    0.7500000000E-02
    0.1410714286E-01
    0.1409569346E-01
    0.1406332930E-01
    0.1397263059E-01
    0.1372447512E-01
    0.1308778823E-01
    0.1169204082E-01
    0.9464285714E-02
    0.1571428571E-01
    0.1570371704E-01
    0.1567384243E-01
    0.1559012054E-01
    0.1536105395E-01
    0.1477334298E-01
    0.1348496075E-01
    0.1142857143E-01
    0.1732142857E-01
    0.1731174062E-01
    0.1728435556E-01
    0.1720761050E-01
    0.1699763279E-01
    0.1645889773E-01
    0.1527788069E-01
    0.1339285714E-01
    0.1892857143E-01
    0.1891976420E-01
    0.1889486869E-01
    0.1882510045E-01
    0.1863421163E-01
    0.1814445248E-01
    0.1707080063E-01
    0.1535714286E-01
    0.2053571429E-01
    0.2052778778E-01
    0.2050538182E-01
    0.2044259041E-01
    0.2027079046E-01
    0.1983000724E-01
    0.1886372057E-01
    0.1732142857E-01
    0.2214285714E-01
    0.2213581136E-01
    0.2211589495E-01
    0.2206008036E-01
    0.2190736930E-01
    0.2151556199E-01
    0.2065664050E-01
    0.1928571429E-01
    0.2375000000E-01
    0.2374383494E-01
    0.2372640808E-01
    0.2367757032E-01
    0.2354394814E-01
    0.2320111674E-01
    0.2244956044E-01
    0.2125000000E-01
    0.2535714286E-01
    0.2535185852E-01
    0.2533692122E-01
    0.2529506027E-01
    0.2518052698E-01
    0.2488667149E-01
    0.2424248038E-01
    0.2321428571E-01
    0.2696428571E-01
    0.2695988210E-01
    0.2694743435E-01
    0.2691255023E-01
    0.2681710581E-01
    0.2657222624E-01
    0.2603540031E-01
    0.2517857143E-01
    0.2857142857E-01
    0.2856790568E-01
    0.2855794748E-01
    0.2853004018E-01
    0.2845368465E-01
    0.2825778099E-01
    0.2782832025E-01
    0.2714285714E-01
    0.3017857143E-01
    0.3017592926E-01
    0.3016846061E-01
    0.3014753014E-01
    0.3009026349E-01
    0.2994333575E-01
    0.2962124019E-01
    0.2910714286E-01
    0.3178571429E-01
    0.3178395284E-01
    0.3177897374E-01
    0.3176502009E-01
    0.3172684233E-01
    0.3162889050E-01
    0.3141416013E-01
    0.3107142857E-01
    0.3339285714E-01
    0.3339197642E-01
    0.3338948687E-01
    0.3338251005E-01
    0.3336342116E-01
    0.3331444525E-01
    0.3320708006E-01
    0.3303571429E-01
    0.3500000000E-01
    0.3500000000E-01
    0.3500000000E-01
    0.3500000000E-01
    0.3500000000E-01
    0.3500000000E-01
    0.3500000000E-01
    0.3500000000E-01
    0.3702244694E-01
    0.3702244694E-01
    0.3702244694E-01
    0.3702244694E-01
    0.3702244694E-01
    0.3702244694E-01
    0.3702244694E-01
    0.3702244694E-01
    0.3856673833E-01
    0.3856673833E-01
    0.3856673833E-01
    0.3856673833E-01
    0.3856673833E-01
    0.3856673833E-01
    0.3856673833E-01
    0.3856673833E-01
    0.3952044284E-01
    0.3952044284E-01
    0.3952044284E-01
    0.3952044284E-01
    0.3952044284E-01
    0.3952044284E-01
    0.3952044284E-01
    0.3952044284E-01
    0.4003438089E-01
    0.4003438089E-01
    0.4003438089E-01
    0.4003438089E-01
    0.4003438089E-01
    0.4003438089E-01
    0.4003438089E-01
    0.4003438089E-01
    0.4029113323E-01
    0.4029113323E-01
    0.4029113323E-01
    0.4029113323E-01
    0.4029113323E-01
    0.4029113323E-01
    0.4029113323E-01
    0.4029113323E-01
    0.4041454993E-01
    0.4041454993E-01
    0.4041454993E-01
    0.4041454993E-01
    0.4041454993E-01
    0.4041454993E-01
    0.4041454993E-01
    0.4041454993E-01
    0.4047277422E-01
    0.4047277422E-01
    0.4047277422E-01
    0.4047277422E-01
    0.4047277422E-01
    0.4047277422E-01
    0.4047277422E-01
    0.4047277422E-01
    0.4050000000E-01
    0.4050000000E-01
    0.4050000000E-01
    0.4050000000E-01
    0.4050000000E-01
    0.4050000000E-01
    0.4050000000E-01
    0.4050000000E-01
 ZONE T="Block            3 "
 I=  40, J=  27, K= 1, ZONETYPE=Ordered
 DATAPACKING=BLOCK
 DT=(SINGLE SINGLE)
    0.5500000000E-01
    0.5782046015E-01
    0.6068952616E-01
    0.6360663576E-01
    0.6657114695E-01
    0.6958233681E-01
    0.7263940058E-01
    0.7574145088E-01
    0.7888751731E-01
    0.8207654624E-01
    0.8530740095E-01
    0.8857886204E-01
    0.9188962819E-01
    0.9523831715E-01
    0.9862346720E-01
    0.1020435388E+00
    0.1054969166E+00
    0.1089819119E+00
    0.1124967652E+00
    0.1160396495E+00
    0.1196086732E+00
    0.1232018841E+00
    0.1268172731E+00
    0.1304527786E+00
    0.1341062908E+00
    0.1377756565E+00
    0.1414586840E+00
    0.1451531481E+00
    0.1488567956E+00
    0.1525673506E+00
    0.1562825202E+00
    0.1600000000E+00
    0.1636250000E+00
    0.1672500000E+00
    0.1708750000E+00
    0.1745000000E+00
    0.1781250000E+00
    0.1817500000E+00
    0.1853750000E+00
    0.1890000000E+00
    0.5500000000E-01
    0.5782046015E-01
    0.6068952616E-01
    0.6360663576E-01
    0.6657114695E-01
    0.6958233681E-01
    0.7263940058E-01
    0.7574145088E-01
    0.7888751731E-01
    0.8207654624E-01
    0.8530740095E-01
    0.8857886204E-01
    0.9188962819E-01
    0.9523831715E-01
    0.9862346720E-01
    0.1020435388E+00
    0.1054969166E+00
    0.1089819119E+00
    0.1124967652E+00
    0.1160396495E+00
    0.1196086732E+00
    0.1232018841E+00
    0.1268172731E+00
    0.1304527786E+00
    0.1341062908E+00
    0.1377756565E+00
    0.1414586840E+00
    0.1451531481E+00
    0.1488567956E+00
    0.1525673506E+00
    0.1562825202E+00
    0.1600000000E+00
    0.1636250000E+00
    0.1672500000E+00
    0.1708750000E+00
    0.1745000000E+00
    0.1781250000E+00
    0.1817500000E+00
    0.1853750000E+00
    0.1890000000E+00
    0.5500000000E-01
    0.5782046015E-01
    0.6068952616E-01
    0.6360663576E-01
    0.6657114695E-01
    0.6958233681E-01
    0.7263940058E-01
    0.7574145088E-01
    0.7888751731E-01
    0.8207654624E-01
    0.8530740095E-01
    0.8857886204E-01
    0.9188962819E-01
    0.9523831715E-01
    0.9862346720E-01
    0.1020435388E+00
    0.1054969166E+00
    0.1089819119E+00
    0.1124967652E+00
    0.1160396495E+00
    0.1196086732E+00
    0.1232018841E+00
    0.1268172731E+00
    0.1304527786E+00
    0.1341062908E+00
    0.1377756565E+00
    0.1414586840E+00
    0.1451531481E+00
    0.1488567956E+00
    0.1525673506E+00
    0.1562825202E+00
    0.1600000000E+00
    0.1636250000E+00
    0.1672500000E+00
    0.1708750000E+00
    0.1745000000E+00
    0.1781250000E+00
    0.1817500000E+00
    0.1853750000E+00
    0.1890000000E+00
    0.5500000000E-01
    0.5782046015E-01
    0.6068952616E-01
    0.6360663576E-01
    0.6657114695E-01
    0.6958233681E-01
    0.7263940058E-01
    0.7574145088E-01
    0.7888751731E-01
    0.8207654624E-01
    0.8530740095E-01
    0.8857886204E-01
    0.9188962819E-01
    0.9523831715E-01
    0.9862346720E-01
    0.1020435388E+00
    0.1054969166E+00
    0.1089819119E+00
    0.1124967652E+00
    0.1160396495E+00
    0.1196086732E+00
    0.1232018841E+00
    0.1268172731E+00
    0.1304527786E+00
    0.1341062908E+00
    0.1377756565E+00
    0.1414586840E+00
    0.1451531481E+00
    0.1488567956E+00
    0.1525673506E+00
    0.1562825202E+00
    0.1600000000E+00
    0.1636250000E+00
    0.1672500000E+00
    0.1708750000E+00
    0.1745000000E+00
    0.1781250000E+00
    0.1817500000E+00
    0.1853750000E+00
    0.1890000000E+00
    0.5500000000E-01
    0.5782046015E-01
    0.6068952616E-01
    0.6360663576E-01
    0.6657114695E-01
    0.6958233681E-01
    0.7263940058E-01
    0.7574145088E-01
    0.7888751731E-01
    0.8207654624E-01
    0.8530740095E-01
    0.8857886204E-01
    0.9188962819E-01
    0.9523831715E-01
    0.9862346720E-01
    0.1020435388E+00
    0.1054969166E+00
    0.1089819119E+00
    0.1124967652E+00
    0.1160396495E+00
    0.1196086732E+00
    0.1232018841E+00
    0.1268172731E+00
    0.1304527786E+00
    0.1341062908E+00
    0.1377756565E+00
    0.1414586840E+00
    0.1451531481E+00
    0.1488567956E+00
    0.1525673506E+00
    0.1562825202E+00
    0.1600000000E+00
    0.1636250000E+00
    0.1672500000E+00
    0.1708750000E+00
    0.1745000000E+00
    0.1781250000E+00
    0.1817500000E+00
    0.1853750000E+00
    0.1890000000E+00
    0.5500000000E-01
    0.5782046015E-01
    0.6068952616E-01
    0.6360663576E-01
    0.6657114695E-01
    0.6958233681E-01
    0.7263940058E-01
    0.7574145088E-01
    0.7888751731E-01
    0.8207654624E-01
    0.8530740095E-01
    0.8857886204E-01
    0.9188962819E-01
    0.9523831715E-01
    0.9862346720E-01
    0.1020435388E+00
    0.1054969166E+00
    0.1089819119E+00
    0.1124967652E+00
    0.1160396495E+00
    0.1196086732E+00
    0.1232018841E+00
    0.1268172731E+00
    0.1304527786E+00
    0.1341062908E+00
    0.1377756565E+00
    0.1414586840E+00
    0.1451531481E+00
    0.1488567956E+00
    0.1525673506E+00
    0.1562825202E+00
    0.1600000000E+00
    0.1636250000E+00
    0.1672500000E+00
    0.1708750000E+00
    0.1745000000E+00
    0.1781250000E+00
    0.1817500000E+00
    0.1853750000E+00
    0.1890000000E+00
    0.5500000000E-01
    0.5782046015E-01
    0.6068952616E-01
    0.6360663576E-01
    0.6657114695E-01
    0.6958233681E-01
    0.7263940058E-01
    0.7574145088E-01
    0.7888751731E-01
    0.8207654624E-01
    0.8530740095E-01
    0.8857886204E-01
    0.9188962819E-01
    0.9523831715E-01
    0.9862346720E-01
    0.1020435388E+00
    0.1054969166E+00
    0.1089819119E+00
    0.1124967652E+00
    0.1160396495E+00
    0.1196086732E+00
    0.1232018841E+00
    0.1268172731E+00
    0.1304527786E+00
    0.1341062908E+00
    0.1377756565E+00
    0.1414586840E+00
    0.1451531481E+00
    0.1488567956E+00
    0.1525673506E+00
    0.1562825202E+00
    0.1600000000E+00
    0.1636250000E+00
    0.1672500000E+00
    0.1708750000E+00
    0.1745000000E+00
    0.1781250000E+00
    0.1817500000E+00
    0.1853750000E+00
    0.1890000000E+00
    0.5500000000E-01
    0.5782046015E-01
    0.6068952616E-01
    0.6360663576E-01
    0.6657114695E-01
    0.6958233681E-01
    0.7263940058E-01
    0.7574145088E-01
    0.7888751731E-01
    0.8207654624E-01
    0.8530740095E-01
    0.8857886204E-01
    0.9188962819E-01
    0.9523831715E-01
    0.9862346720E-01
    0.1020435388E+00
    0.1054969166E+00
    0.1089819119E+00
    0.1124967652E+00
    0.1160396495E+00
    0.1196086732E+00
    0.1232018841E+00
    0.1268172731E+00
    0.1304527786E+00
    0.1341062908E+00
    0.1377756565E+00
    0.1414586840E+00
    0.1451531481E+00
    0.1488567956E+00
    0.1525673506E+00
    0.1562825202E+00
    0.1600000000E+00
    0.1636250000E+00
    0.1672500000E+00
    0.1708750000E+00
    0.1745000000E+00
    0.1781250000E+00
    0.1817500000E+00
    0.1853750000E+00
    0.1890000000E+00
    0.5500000000E-01
    0.5782046015E-01
    0.6068952616E-01
    0.6360663576E-01
    0.6657114695E-01
    0.6958233681E-01
    0.7263940058E-01
    0.7574145088E-01
    0.7888751731E-01
    0.8207654624E-01
    0.8530740095E-01
    0.8857886204E-01
    0.9188962819E-01
    0.9523831715E-01
    0.9862346720E-01
    0.1020435388E+00
    0.1054969166E+00
    0.1089819119E+00
    0.1124967652E+00
    0.1160396495E+00
    0.1196086732E+00
    0.1232018841E+00
    0.1268172731E+00
    0.1304527786E+00
    0.1341062908E+00
    0.1377756565E+00
    0.1414586840E+00
    0.1451531481E+00
    0.1488567956E+00
    0.1525673506E+00
    0.1562825202E+00
    0.1600000000E+00
    0.1636250000E+00
    0.1672500000E+00
    0.1708750000E+00
    0.1745000000E+00
    0.1781250000E+00
    0.1817500000E+00
    0.1853750000E+00
    0.1890000000E+00
    0.5500000000E-01
    0.5782046015E-01
    0.6068952616E-01
    0.6360663576E-01
    0.6657114695E-01
    0.6958233681E-01
    0.7263940058E-01
    0.7574145088E-01
    0.7888751731E-01
    0.8207654624E-01
    0.8530740095E-01
    0.8857886204E-01
    0.9188962819E-01
    0.9523831715E-01
    0.9862346720E-01
    0.1020435388E+00
    0.1054969166E+00
    0.1089819119E+00
    0.1124967652E+00
    0.1160396495E+00
    0.1196086732E+00
    0.1232018841E+00
    0.1268172731E+00
    0.1304527786E+00
    0.1341062908E+00
    0.1377756565E+00
    0.1414586840E+00
    0.1451531481E+00
    0.1488567956E+00
    0.1525673506E+00
    0.1562825202E+00
    0.1600000000E+00
    0.1636250000E+00
    0.1672500000E+00
    0.1708750000E+00
    0.1745000000E+00
    0.1781250000E+00
    0.1817500000E+00
    0.1853750000E+00
    0.1890000000E+00
    0.5500000000E-01
    0.5782046015E-01
    0.6068952616E-01
    0.6360663576E-01
    0.6657114695E-01
    0.6958233681E-01
    0.7263940058E-01
    0.7574145088E-01
    0.7888751731E-01
    0.8207654624E-01
    0.8530740095E-01
    0.8857886204E-01
    0.9188962819E-01
    0.9523831715E-01
    0.9862346720E-01
    0.1020435388E+00
    0.1054969166E+00
    0.1089819119E+00
    0.1124967652E+00
    0.1160396495E+00
    0.1196086732E+00
    0.1232018841E+00
    0.1268172731E+00
    0.1304527786E+00
    0.1341062908E+00
    0.1377756565E+00
    0.1414586840E+00
    0.1451531481E+00
    0.1488567956E+00
    0.1525673506E+00
    0.1562825202E+00
    0.1600000000E+00
    0.1636250000E+00
    0.1672500000E+00
    0.1708750000E+00
    0.1745000000E+00
    0.1781250000E+00
    0.1817500000E+00
    0.1853750000E+00
    0.1890000000E+00
    0.5500000000E-01
    0.5782046015E-01
    0.6068952616E-01
    0.6360663576E-01
    0.6657114695E-01
    0.6958233681E-01
    0.7263940058E-01
    0.7574145088E-01
    0.7888751731E-01
    0.8207654624E-01
    0.8530740095E-01
    0.8857886204E-01
    0.9188962819E-01
    0.9523831715E-01
    0.9862346720E-01
    0.1020435388E+00
    0.1054969166E+00
    0.1089819119E+00
    0.1124967652E+00
    0.1160396495E+00
    0.1196086732E+00
    0.1232018841E+00
    0.1268172731E+00
    0.1304527786E+00
    0.1341062908E+00
    0.1377756565E+00
    0.1414586840E+00
    0.1451531481E+00
    0.1488567956E+00
    0.1525673506E+00
    0.1562825202E+00
    0.1600000000E+00
    0.1636250000E+00
    0.1672500000E+00
    0.1708750000E+00
    0.1745000000E+00
    0.1781250000E+00
    0.1817500000E+00
    0.1853750000E+00
    0.1890000000E+00
    0.5500000000E-01
    0.5782046015E-01
    0.6068952616E-01
    0.6360663576E-01
    0.6657114695E-01
    0.6958233681E-01
    0.7263940058E-01
    0.7574145088E-01
    0.7888751731E-01
    0.8207654624E-01
    0.8530740095E-01
    0.8857886204E-01
    0.9188962819E-01
    0.9523831715E-01
    0.9862346720E-01
    0.1020435388E+00
    0.1054969166E+00
    0.1089819119E+00
    0.1124967652E+00
    0.1160396495E+00
    0.1196086732E+00
    0.1232018841E+00
    0.1268172731E+00
    0.1304527786E+00
    0.1341062908E+00
    0.1377756565E+00
    0.1414586840E+00
    0.1451531481E+00
    0.1488567956E+00
    0.1525673506E+00
    0.1562825202E+00
    0.1600000000E+00
    0.1636250000E+00
    0.1672500000E+00
    0.1708750000E+00
    0.1745000000E+00
    0.1781250000E+00
    0.1817500000E+00
    0.1853750000E+00
    0.1890000000E+00
    0.5500000000E-01
    0.5782046015E-01
    0.6068952616E-01
    0.6360663576E-01
    0.6657114695E-01
    0.6958233681E-01
    0.7263940058E-01
    0.7574145088E-01
    0.7888751731E-01
    0.8207654624E-01
    0.8530740095E-01
    0.8857886204E-01
    0.9188962819E-01
    0.9523831715E-01
    0.9862346720E-01
    0.1020435388E+00
    0.1054969166E+00
    0.1089819119E+00
    0.1124967652E+00
    0.1160396495E+00
    0.1196086732E+00
    0.1232018841E+00
    0.1268172731E+00
    0.1304527786E+00
    0.1341062908E+00
    0.1377756565E+00
    0.1414586840E+00
    0.1451531481E+00
    0.1488567956E+00
    0.1525673506E+00
    0.1562825202E+00
    0.1600000000E+00
    0.1636250000E+00
    0.1672500000E+00
    0.1708750000E+00
    0.1745000000E+00
    0.1781250000E+00
    0.1817500000E+00
    0.1853750000E+00
    0.1890000000E+00
    0.5500000000E-01
    0.5782046015E-01
    0.6068952616E-01
    0.6360663576E-01
    0.6657114695E-01
    0.6958233681E-01
    0.7263940058E-01
    0.7574145088E-01
    0.7888751731E-01
    0.8207654624E-01
    0.8530740095E-01
    0.8857886204E-01
    0.9188962819E-01
    0.9523831715E-01
    0.9862346720E-01
    0.1020435388E+00
    0.1054969166E+00
    0.1089819119E+00
    0.1124967652E+00
    0.1160396495E+00
    0.1196086732E+00
    0.1232018841E+00
    0.1268172731E+00
    0.1304527786E+00
    0.1341062908E+00
    0.1377756565E+00
    0.1414586840E+00
    0.1451531481E+00
    0.1488567956E+00
    0.1525673506E+00
    0.1562825202E+00
    0.1600000000E+00
    0.1636250000E+00
    0.1672500000E+00
    0.1708750000E+00
    0.1745000000E+00
    0.1781250000E+00
    0.1817500000E+00
    0.1853750000E+00
    0.1890000000E+00
    0.5500000000E-01
    0.5782046015E-01
    0.6068952616E-01
    0.6360663576E-01
    0.6657114695E-01
    0.6958233681E-01
    0.7263940058E-01
    0.7574145088E-01
    0.7888751731E-01
    0.8207654624E-01
    0.8530740095E-01
    0.8857886204E-01
    0.9188962819E-01
    0.9523831715E-01
    0.9862346720E-01
    0.1020435388E+00
    0.1054969166E+00
    0.1089819119E+00
    0.1124967652E+00
    0.1160396495E+00
    0.1196086732E+00
    0.1232018841E+00
    0.1268172731E+00
    0.1304527786E+00
    0.1341062908E+00
    0.1377756565E+00
    0.1414586840E+00
    0.1451531481E+00
    0.1488567956E+00
    0.1525673506E+00
    0.1562825202E+00
    0.1600000000E+00
    0.1636250000E+00
    0.1672500000E+00
    0.1708750000E+00
    0.1745000000E+00
    0.1781250000E+00
    0.1817500000E+00
    0.1853750000E+00
    0.1890000000E+00
    0.5500000000E-01
    0.5782046015E-01
    0.6068952616E-01
    0.6360663576E-01
    0.6657114695E-01
    0.6958233681E-01
    0.7263940058E-01
    0.7574145088E-01
    0.7888751731E-01
    0.8207654624E-01
    0.8530740095E-01
    0.8857886204E-01
    0.9188962819E-01
    0.9523831715E-01
    0.9862346720E-01
    0.1020435388E+00
    0.1054969166E+00
    0.1089819119E+00
    0.1124967652E+00
    0.1160396495E+00
    0.1196086732E+00
    0.1232018841E+00
    0.1268172731E+00
    0.1304527786E+00
    0.1341062908E+00
    0.1377756565E+00
    0.1414586840E+00
    0.1451531481E+00
    0.1488567956E+00
    0.1525673506E+00
    0.1562825202E+00
    0.1600000000E+00
    0.1636250000E+00
    0.1672500000E+00
    0.1708750000E+00
    0.1745000000E+00
    0.1781250000E+00
    0.1817500000E+00
    0.1853750000E+00
    0.1890000000E+00
    0.5500000000E-01
    0.5782046015E-01
    0.6068952616E-01
    0.6360663576E-01
    0.6657114695E-01
    0.6958233681E-01
    0.7263940058E-01
    0.7574145088E-01
    0.7888751731E-01
    0.8207654624E-01
    0.8530740095E-01
    0.8857886204E-01
    0.9188962819E-01
    0.9523831715E-01
    0.9862346720E-01
    0.1020435388E+00
    0.1054969166E+00
    0.1089819119E+00
    0.1124967652E+00
    0.1160396495E+00
    0.1196086732E+00
    0.1232018841E+00
    0.1268172731E+00
    0.1304527786E+00
    0.1341062908E+00
    0.1377756565E+00
    0.1414586840E+00
    0.1451531481E+00
    0.1488567956E+00
    0.1525673506E+00
    0.1562825202E+00
    0.1600000000E+00
    0.1636250000E+00
    0.1672500000E+00
    0.1708750000E+00
    0.1745000000E+00
    0.1781250000E+00
    0.1817500000E+00
    0.1853750000E+00
    0.1890000000E+00
    0.5500000000E-01
    0.5782046015E-01
    0.6068952616E-01
    0.6360663576E-01
    0.6657114695E-01
    0.6958233681E-01
    0.7263940058E-01
    0.7574145088E-01
    0.7888751731E-01
    0.8207654624E-01
    0.8530740095E-01
    0.8857886204E-01
    0.9188962819E-01
    0.9523831715E-01
    0.9862346720E-01
    0.1020435388E+00
    0.1054969166E+00
    0.1089819119E+00
    0.1124967652E+00
    0.1160396495E+00
    0.1196086732E+00
    0.1232018841E+00
    0.1268172731E+00
    0.1304527786E+00
    0.1341062908E+00
    0.1377756565E+00
    0.1414586840E+00
    0.1451531481E+00
    0.1488567956E+00
    0.1525673506E+00
    0.1562825202E+00
    0.1600000000E+00
    0.1636250000E+00
    0.1672500000E+00
    0.1708750000E+00
    0.1745000000E+00
    0.1781250000E+00
    0.1817500000E+00
    0.1853750000E+00
    0.1890000000E+00
    0.5500000000E-01
    0.5782046015E-01
    0.6068952616E-01
    0.6360663576E-01
    0.6657114695E-01
    0.6958233681E-01
    0.7263940058E-01
    0.7574145088E-01
    0.7888751731E-01
    0.8207654624E-01
    0.8530740095E-01
    0.8857886204E-01
    0.9188962819E-01
    0.9523831715E-01
    0.9862346720E-01
    0.1020435388E+00
    0.1054969166E+00
    0.1089819119E+00
    0.1124967652E+00
    0.1160396495E+00
    0.1196086732E+00
    0.1232018841E+00
    0.1268172731E+00
    0.1304527786E+00
    0.1341062908E+00
    0.1377756565E+00
    0.1414586840E+00
    0.1451531481E+00
    0.1488567956E+00
    0.1525673506E+00
    0.1562825202E+00
    0.1600000000E+00
    0.1636250000E+00
    0.1672500000E+00
    0.1708750000E+00
    0.1745000000E+00
    0.1781250000E+00
    0.1817500000E+00
    0.1853750000E+00
    0.1890000000E+00
    0.5500000000E-01
    0.5782046015E-01
    0.6068952616E-01
    0.6360663576E-01
    0.6657114695E-01
    0.6958233681E-01
    0.7263940058E-01
    0.7574145088E-01
    0.7888751731E-01
    0.8207654624E-01
    0.8530740095E-01
    0.8857886204E-01
    0.9188962819E-01
    0.9523831715E-01
    0.9862346720E-01
    0.1020435388E+00
    0.1054969166E+00
    0.1089819119E+00
    0.1124967652E+00
    0.1160396495E+00
    0.1196086732E+00
    0.1232018841E+00
    0.1268172731E+00
    0.1304527786E+00
    0.1341062908E+00
    0.1377756565E+00
    0.1414586840E+00
    0.1451531481E+00
    0.1488567956E+00
    0.1525673506E+00
    0.1562825202E+00
    0.1600000000E+00
    0.1636250000E+00
    0.1672500000E+00
    0.1708750000E+00
    0.1745000000E+00
    0.1781250000E+00
    0.1817500000E+00
    0.1853750000E+00
    0.1890000000E+00
    0.5500000000E-01
    0.5782046015E-01
    0.6068952616E-01
    0.6360663576E-01
    0.6657114695E-01
    0.6958233681E-01
    0.7263940058E-01
    0.7574145088E-01
    0.7888751731E-01
    0.8207654624E-01
    0.8530740095E-01
    0.8857886204E-01
    0.9188962819E-01
    0.9523831715E-01
    0.9862346720E-01
    0.1020435388E+00
    0.1054969166E+00
    0.1089819119E+00
    0.1124967652E+00
    0.1160396495E+00
    0.1196086732E+00
    0.1232018841E+00
    0.1268172731E+00
    0.1304527786E+00
    0.1341062908E+00
    0.1377756565E+00
    0.1414586840E+00
    0.1451531481E+00
    0.1488567956E+00
    0.1525673506E+00
    0.1562825202E+00
    0.1600000000E+00
    0.1636250000E+00
    0.1672500000E+00
    0.1708750000E+00
    0.1745000000E+00
    0.1781250000E+00
    0.1817500000E+00
    0.1853750000E+00
    0.1890000000E+00
    0.5500000000E-01
    0.5782046015E-01
    0.6068952616E-01
    0.6360663576E-01
    0.6657114695E-01
    0.6958233681E-01
    0.7263940058E-01
    0.7574145088E-01
    0.7888751731E-01
    0.8207654624E-01
    0.8530740095E-01
    0.8857886204E-01
    0.9188962819E-01
    0.9523831715E-01
    0.9862346720E-01
    0.1020435388E+00
    0.1054969166E+00
    0.1089819119E+00
    0.1124967652E+00
    0.1160396495E+00
    0.1196086732E+00
    0.1232018841E+00
    0.1268172731E+00
    0.1304527786E+00
    0.1341062908E+00
    0.1377756565E+00
    0.1414586840E+00
    0.1451531481E+00
    0.1488567956E+00
    0.1525673506E+00
    0.1562825202E+00
    0.1600000000E+00
    0.1636250000E+00
    0.1672500000E+00
    0.1708750000E+00
    0.1745000000E+00
    0.1781250000E+00
    0.1817500000E+00
    0.1853750000E+00
    0.1890000000E+00
    0.5500000000E-01
    0.5782046015E-01
    0.6068952616E-01
    0.6360663576E-01
    0.6657114695E-01
    0.6958233681E-01
    0.7263940058E-01
    0.7574145088E-01
    0.7888751731E-01
    0.8207654624E-01
    0.8530740095E-01
    0.8857886204E-01
    0.9188962819E-01
    0.9523831715E-01
    0.9862346720E-01
    0.1020435388E+00
    0.1054969166E+00
    0.1089819119E+00
    0.1124967652E+00
    0.1160396495E+00
    0.1196086732E+00
    0.1232018841E+00
    0.1268172731E+00
    0.1304527786E+00
    0.1341062908E+00
    0.1377756565E+00
    0.1414586840E+00
    0.1451531481E+00
    0.1488567956E+00
    0.1525673506E+00
    0.1562825202E+00
    0.1600000000E+00
    0.1636250000E+00
    0.1672500000E+00
    0.1708750000E+00
    0.1745000000E+00
    0.1781250000E+00
    0.1817500000E+00
    0.1853750000E+00
    0.1890000000E+00
    0.5500000000E-01
    0.5782046015E-01
    0.6068952616E-01
    0.6360663576E-01
    0.6657114695E-01
    0.6958233681E-01
    0.7263940058E-01
    0.7574145088E-01
    0.7888751731E-01
    0.8207654624E-01
    0.8530740095E-01
    0.8857886204E-01
    0.9188962819E-01
    0.9523831715E-01
    0.9862346720E-01
    0.1020435388E+00
    0.1054969166E+00
    0.1089819119E+00
    0.1124967652E+00
    0.1160396495E+00
    0.1196086732E+00
    0.1232018841E+00
    0.1268172731E+00
    0.1304527786E+00
    0.1341062908E+00
    0.1377756565E+00
    0.1414586840E+00
    0.1451531481E+00
    0.1488567956E+00
    0.1525673506E+00
    0.1562825202E+00
    0.1600000000E+00
    0.1636250000E+00
    0.1672500000E+00
    0.1708750000E+00
    0.1745000000E+00
    0.1781250000E+00
    0.1817500000E+00
    0.1853750000E+00
    0.1890000000E+00
    0.5500000000E-01
    0.5782046015E-01
    0.6068952616E-01
    0.6360663576E-01
    0.6657114695E-01
    0.6958233681E-01
    0.7263940058E-01
    0.7574145088E-01
    0.7888751731E-01
    0.8207654624E-01
    0.8530740095E-01
    0.8857886204E-01
    0.9188962819E-01
    0.9523831715E-01
    0.9862346720E-01
    0.1020435388E+00
    0.1054969166E+00
    0.1089819119E+00
    0.1124967652E+00
    0.1160396495E+00
    0.1196086732E+00
    0.1232018841E+00
    0.1268172731E+00
    0.1304527786E+00
    0.1341062908E+00
    0.1377756565E+00
    0.1414586840E+00
    0.1451531481E+00
    0.1488567956E+00
    0.1525673506E+00
    0.1562825202E+00
    0.1600000000E+00
    0.1636250000E+00
    0.1672500000E+00
    0.1708750000E+00
    0.1745000000E+00
    0.1781250000E+00
    0.1817500000E+00
    0.1853750000E+00
    0.1890000000E+00
    0.5500000000E-01
    0.5782046015E-01
    0.6068952616E-01
    0.6360663576E-01
    0.6657114695E-01
    0.6958233681E-01
    0.7263940058E-01
    0.7574145088E-01
    0.7888751731E-01
    0.8207654624E-01
    0.8530740095E-01
    0.8857886204E-01
    0.9188962819E-01
    0.9523831715E-01
    0.9862346720E-01
    0.1020435388E+00
    0.1054969166E+00
    0.1089819119E+00
    0.1124967652E+00
    0.1160396495E+00
    0.1196086732E+00
    0.1232018841E+00
    0.1268172731E+00
    0.1304527786E+00
    0.1341062908E+00
    0.1377756565E+00
    0.1414586840E+00
    0.1451531481E+00
    0.1488567956E+00
    0.1525673506E+00
    0.1562825202E+00
    0.1600000000E+00
    0.1636250000E+00
    0.1672500000E+00
    0.1708750000E+00
    0.1745000000E+00
    0.1781250000E+00
    0.1817500000E+00
    0.1853750000E+00
    0.1890000000E+00
    0.0000000000E+00
    0.0000000000E+00
    0.0000000000E+00
    0.0000000000E+00
    0.0000000000E+00
    0.0000000000E+00
    0.0000000000E+00
    0.0000000000E+00
    0.0000000000E+00
    0.0000000000E+00
    0.0000000000E+00
    0.0000000000E+00
    0.0000000000E+00
    0.0000000000E+00
    0.0000000000E+00
    0.0000000000E+00
    0.0000000000E+00
    0.0000000000E+00
    0.0000000000E+00
    0.0000000000E+00
    0.0000000000E+00
    0.0000000000E+00
    0.0000000000E+00
    0.0000000000E+00
    0.0000000000E+00
    0.0000000000E+00
    0.0000000000E+00
    0.0000000000E+00
    0.0000000000E+00
    0.0000000000E+00
    0.0000000000E+00
    0.0000000000E+00
    0.0000000000E+00
    0.0000000000E+00
    0.0000000000E+00
    0.0000000000E+00
    0.0000000000E+00
    0.0000000000E+00
    0.0000000000E+00
    0.0000000000E+00
    0.1875000000E-02
    0.1875000000E-02
    0.1875000000E-02
    0.1875000000E-02
    0.1875000000E-02
    0.1875000000E-02
    0.1875000000E-02
    0.1875000000E-02
    0.1875000000E-02
    0.1875000000E-02
    0.1875000000E-02
    0.1875000000E-02
    0.1875000000E-02
    0.1875000000E-02
    0.1875000000E-02
    0.1875000000E-02
    0.1875000000E-02
    0.1875000000E-02
    0.1875000000E-02
    0.1875000000E-02
    0.1875000000E-02
    0.1875000000E-02
    0.1875000000E-02
    0.1875000000E-02
    0.1875000000E-02
    0.1875000000E-02
    0.1875000000E-02
    0.1875000000E-02
    0.1875000000E-02
    0.1875000000E-02
    0.1875000000E-02
    0.1875000000E-02
    0.2140625000E-02
    0.2406250000E-02
    0.2671875000E-02
    0.2937500000E-02
    0.3203125000E-02
    0.3468750000E-02
    0.3734375000E-02
    0.4000000000E-02
    0.3750000000E-02
    0.3750000000E-02
    0.3750000000E-02
    0.3750000000E-02
    0.3750000000E-02
    0.3750000000E-02
    0.3750000000E-02
    0.3750000000E-02
    0.3750000000E-02
    0.3750000000E-02
    0.3750000000E-02
    0.3750000000E-02
    0.3750000000E-02
    0.3750000000E-02
    0.3750000000E-02
    0.3750000000E-02
    0.3750000000E-02
    0.3750000000E-02
    0.3750000000E-02
    0.3750000000E-02
    0.3750000000E-02
    0.3750000000E-02
    0.3750000000E-02
    0.3750000000E-02
    0.3750000000E-02
    0.3750000000E-02
    0.3750000000E-02
    0.3750000000E-02
    0.3750000000E-02
    0.3750000000E-02
    0.3750000000E-02
    0.3750000000E-02
    0.4281250000E-02
    0.4812500000E-02
    0.5343750000E-02
    0.5875000000E-02
    0.6406250000E-02
    0.6937500000E-02
    0.7468750000E-02
    0.8000000000E-02
    0.5625000000E-02
    0.5625000000E-02
    0.5625000000E-02
    0.5625000000E-02
    0.5625000000E-02
    0.5625000000E-02
    0.5625000000E-02
    0.5625000000E-02
    0.5625000000E-02
    0.5625000000E-02
    0.5625000000E-02
    0.5625000000E-02
    0.5625000000E-02
    0.5625000000E-02
    0.5625000000E-02
    0.5625000000E-02
    0.5625000000E-02
    0.5625000000E-02
    0.5625000000E-02
    0.5625000000E-02
    0.5625000000E-02
    0.5625000000E-02
    0.5625000000E-02
    0.5625000000E-02
    0.5625000000E-02
    0.5625000000E-02
    0.5625000000E-02
    0.5625000000E-02
    0.5625000000E-02
    0.5625000000E-02
    0.5625000000E-02
    0.5625000000E-02
    0.6421875000E-02
    0.7218750000E-02
    0.8015625000E-02
    0.8812500000E-02
    0.9609375000E-02
    0.1040625000E-01
    0.1120312500E-01
    0.1200000000E-01
    0.7500000000E-02
    0.7500000000E-02
    0.7500000000E-02
    0.7500000000E-02
    0.7500000000E-02
    0.7500000000E-02
    0.7500000000E-02
    0.7500000000E-02
    0.7500000000E-02
    0.7500000000E-02
    0.7500000000E-02
    0.7500000000E-02
    0.7500000000E-02
    0.7500000000E-02
    0.7500000000E-02
    0.7500000000E-02
    0.7500000000E-02
    0.7500000000E-02
    0.7500000000E-02
    0.7500000000E-02
    0.7500000000E-02
    0.7500000000E-02
    0.7500000000E-02
    0.7500000000E-02
    0.7500000000E-02
    0.7500000000E-02
    0.7500000000E-02
    0.7500000000E-02
    0.7500000000E-02
    0.7500000000E-02
    0.7500000000E-02
    0.7500000000E-02
    0.8562500000E-02
    0.9625000000E-02
    0.1068750000E-01
    0.1175000000E-01
    0.1281250000E-01
    0.1387500000E-01
    0.1493750000E-01
    0.1600000000E-01
    0.9464285714E-02
    0.9464285714E-02
    0.9464285714E-02
    0.9464285714E-02
    0.9464285714E-02
    0.9464285714E-02
    0.9464285714E-02
    0.9464285714E-02
    0.9464285714E-02
    0.9464285714E-02
    0.9464285714E-02
    0.9464285714E-02
    0.9464285714E-02
    0.9464285714E-02
    0.9464285714E-02
    0.9464285714E-02
    0.9464285714E-02
    0.9464285714E-02
    0.9464285714E-02
    0.9464285714E-02
    0.9464285714E-02
    0.9464285714E-02
    0.9464285714E-02
    0.9464285714E-02
    0.9464285714E-02
    0.9464285714E-02
    0.9464285714E-02
    0.9464285714E-02
    0.9464285714E-02
    0.9464285714E-02
    0.9464285714E-02
    0.9464285714E-02
    0.1062864907E-01
    0.1205137670E-01
    0.1360199529E-01
    0.1516936138E-01
    0.1666397235E-01
    0.1801264012E-01
    0.1916207263E-01
    0.2007862317E-01
    0.1142857143E-01
    0.1142857143E-01
    0.1142857143E-01
    0.1142857143E-01
    0.1142857143E-01
    0.1142857143E-01
    0.1142857143E-01
    0.1142857143E-01
    0.1142857143E-01
    0.1142857143E-01
    0.1142857143E-01
    0.1142857143E-01
    0.1142857143E-01
    0.1142857143E-01
    0.1142857143E-01
    0.1142857143E-01
    0.1142857143E-01
    0.1142857143E-01
    0.1142857143E-01
    0.1142857143E-01
    0.1142857143E-01
    0.1142857143E-01
    0.1142857143E-01
    0.1142857143E-01
    0.1142857143E-01
    0.1142857143E-01
    0.1142857143E-01
    0.1142857143E-01
    0.1142857143E-01
    0.1142857143E-01
    0.1142857143E-01
    0.1142857143E-01
    0.1266938067E-01
    0.1439091521E-01
    0.1635173302E-01
    0.1834570682E-01
    0.2020604554E-01
    0.2179616189E-01
    0.2301587558E-01
    0.2380105354E-01
    0.1339285714E-01
    0.1339285714E-01
    0.1339285714E-01
    0.1339285714E-01
    0.1339285714E-01
    0.1339285714E-01
    0.1339285714E-01
    0.1339285714E-01
    0.1339285714E-01
    0.1339285714E-01
    0.1339285714E-01
    0.1339285714E-01
    0.1339285714E-01
    0.1339285714E-01
    0.1339285714E-01
    0.1339285714E-01
    0.1339285714E-01
    0.1339285714E-01
    0.1339285714E-01
    0.1339285714E-01
    0.1339285714E-01
    0.1339285714E-01
    0.1339285714E-01
    0.1339285714E-01
    0.1339285714E-01
    0.1339285714E-01
    0.1339285714E-01
    0.1339285714E-01
    0.1339285714E-01
    0.1339285714E-01
    0.1339285714E-01
    0.1339285714E-01
    0.1466836652E-01
    0.1658743386E-01
    0.1882934113E-01
    0.2111943329E-01
    0.2323395749E-01
    0.2498930423E-01
    0.2624942480E-01
    0.2692553219E-01
    0.1535714286E-01
    0.1535714286E-01
    0.1535714286E-01
    0.1535714286E-01
    0.1535714286E-01
    0.1535714286E-01
    0.1535714286E-01
    0.1535714286E-01
    0.1535714286E-01
    0.1535714286E-01
    0.1535714286E-01
    0.1535714286E-01
    0.1535714286E-01
    0.1535714286E-01
    0.1535714286E-01
    0.1535714286E-01
    0.1535714286E-01
    0.1535714286E-01
    0.1535714286E-01
    0.1535714286E-01
    0.1535714286E-01
    0.1535714286E-01
    0.1535714286E-01
    0.1535714286E-01
    0.1535714286E-01
    0.1535714286E-01
    0.1535714286E-01
    0.1535714286E-01
    0.1535714286E-01
    0.1535714286E-01
    0.1535714286E-01
    0.1535714286E-01
    0.1662132354E-01
    0.1862561273E-01
    0.2100439278E-01
    0.2344349451E-01
    0.2568503681E-01
    0.2751692553E-01
    0.2878022128E-01
    0.2936899732E-01
    0.1732142857E-01
    0.1732142857E-01
    0.1732142857E-01
    0.1732142857E-01
    0.1732142857E-01
    0.1732142857E-01
    0.1732142857E-01
    0.1732142857E-01
    0.1732142857E-01
    0.1732142857E-01
    0.1732142857E-01
    0.1732142857E-01
    0.1732142857E-01
    0.1732142857E-01
    0.1732142857E-01
    0.1732142857E-01
    0.1732142857E-01
    0.1732142857E-01
    0.1732142857E-01
    0.1732142857E-01
    0.1732142857E-01
    0.1732142857E-01
    0.1732142857E-01
    0.1732142857E-01
    0.1732142857E-01
    0.1732142857E-01
    0.1732142857E-01
    0.1732142857E-01
    0.1732142857E-01
    0.1732142857E-01
    0.1732142857E-01
    0.1732142857E-01
    0.1853290931E-01
    0.2052078371E-01
    0.2290481075E-01
    0.2535719113E-01
    0.2760686996E-01
    0.2943043022E-01
    0.3065860129E-01
    0.3117627898E-01
    0.1928571429E-01
    0.1928571429E-01
    0.1928571429E-01
    0.1928571429E-01
    0.1928571429E-01
    0.1928571429E-01
    0.1928571429E-01
    0.1928571429E-01
    0.1928571429E-01
    0.1928571429E-01
    0.1928571429E-01
    0.1928571429E-01
    0.1928571429E-01
    0.1928571429E-01
    0.1928571429E-01
    0.1928571429E-01
    0.1928571429E-01
    0.1928571429E-01
    0.1928571429E-01
    0.1928571429E-01
    0.1928571429E-01
    0.1928571429E-01
    0.1928571429E-01
    0.1928571429E-01
    0.1928571429E-01
    0.1928571429E-01
    0.1928571429E-01
    0.1928571429E-01
    0.1928571429E-01
    0.1928571429E-01
    0.1928571429E-01
    0.1928571429E-01
    0.2041173074E-01
    0.2230211842E-01
    0.2458545432E-01
    0.2694062038E-01
    0.2910032717E-01
    0.3084383255E-01
    0.3200224170E-01
    0.3245864185E-01
    0.2125000000E-01
    0.2125000000E-01
    0.2125000000E-01
    0.2125000000E-01
    0.2125000000E-01
    0.2125000000E-01
    0.2125000000E-01
    0.2125000000E-01
    0.2125000000E-01
    0.2125000000E-01
    0.2125000000E-01
    0.2125000000E-01
    0.2125000000E-01
    0.2125000000E-01
    0.2125000000E-01
    0.2125000000E-01
    0.2125000000E-01
    0.2125000000E-01
    0.2125000000E-01
    0.2125000000E-01
    0.2125000000E-01
    0.2125000000E-01
    0.2125000000E-01
    0.2125000000E-01
    0.2125000000E-01
    0.2125000000E-01
    0.2125000000E-01
    0.2125000000E-01
    0.2125000000E-01
    0.2125000000E-01
    0.2125000000E-01
    0.2125000000E-01
    0.2226664251E-01
    0.2399996020E-01
    0.2610405455E-01
    0.2827915584E-01
    0.3027433740E-01
    0.3188203056E-01
    0.3294208740E-01
    0.3334197148E-01
    0.2321428571E-01
    0.2321428571E-01
    0.2321428571E-01
    0.2321428571E-01
    0.2321428571E-01
    0.2321428571E-01
    0.2321428571E-01
    0.2321428571E-01
    0.2321428571E-01
    0.2321428571E-01
    0.2321428571E-01
    0.2321428571E-01
    0.2321428571E-01
    0.2321428571E-01
    0.2321428571E-01
    0.2321428571E-01
    0.2321428571E-01
    0.2321428571E-01
    0.2321428571E-01
    0.2321428571E-01
    0.2321428571E-01
    0.2321428571E-01
    0.2321428571E-01
    0.2321428571E-01
    0.2321428571E-01
    0.2321428571E-01
    0.2321428571E-01
    0.2321428571E-01
    0.2321428571E-01
    0.2321428571E-01
    0.2321428571E-01
    0.2321428571E-01
    0.2410500860E-01
    0.2563974309E-01
    0.2750940309E-01
    0.2944560170E-01
    0.3122264028E-01
    0.3265356994E-01
    0.3359315684E-01
    0.3393808153E-01
    0.2517857143E-01
    0.2517857143E-01
    0.2517857143E-01
    0.2517857143E-01
    0.2517857143E-01
    0.2517857143E-01
    0.2517857143E-01
    0.2517857143E-01
    0.2517857143E-01
    0.2517857143E-01
    0.2517857143E-01
    0.2517857143E-01
    0.2517857143E-01
    0.2517857143E-01
    0.2517857143E-01
    0.2517857143E-01
    0.2517857143E-01
    0.2517857143E-01
    0.2517857143E-01
    0.2517857143E-01
    0.2517857143E-01
    0.2517857143E-01
    0.2517857143E-01
    0.2517857143E-01
    0.2517857143E-01
    0.2517857143E-01
    0.2517857143E-01
    0.2517857143E-01
    0.2517857143E-01
    0.2517857143E-01
    0.2517857143E-01
    0.2517857143E-01
    0.2593231058E-01
    0.2724052313E-01
    0.2883830617E-01
    0.3049528510E-01
    0.3201700584E-01
    0.3324222872E-01
    0.3404499692E-01
    0.3433481463E-01
    0.2714285714E-01
    0.2714285714E-01
    0.2714285714E-01
    0.2714285714E-01
    0.2714285714E-01
    0.2714285714E-01
    0.2714285714E-01
    0.2714285714E-01
    0.2714285714E-01
    0.2714285714E-01
    0.2714285714E-01
    0.2714285714E-01
    0.2714285714E-01
    0.2714285714E-01
    0.2714285714E-01
    0.2714285714E-01
    0.2714285714E-01
    0.2714285714E-01
    0.2714285714E-01
    0.2714285714E-01
    0.2714285714E-01
    0.2714285714E-01
    0.2714285714E-01
    0.2714285714E-01
    0.2714285714E-01
    0.2714285714E-01
    0.2714285714E-01
    0.2714285714E-01
    0.2714285714E-01
    0.2714285714E-01
    0.2714285714E-01
    0.2714285714E-01
    0.2775237467E-01
    0.2881567716E-01
    0.3011675413E-01
    0.3146752606E-01
    0.3270877068E-01
    0.3370835225E-01
    0.3436259398E-01
    0.3459642012E-01
    0.2910714286E-01
    0.2910714286E-01
    0.2910714286E-01
    0.2910714286E-01
    0.2910714286E-01
    0.2910714286E-01
    0.2910714286E-01
    0.2910714286E-01
    0.2910714286E-01
    0.2910714286E-01
    0.2910714286E-01
    0.2910714286E-01
    0.2910714286E-01
    0.2910714286E-01
    0.2910714286E-01
    0.2910714286E-01
    0.2910714286E-01
    0.2910714286E-01
    0.2910714286E-01
    0.2910714286E-01
    0.2910714286E-01
    0.2910714286E-01
    0.2910714286E-01
    0.2910714286E-01
    0.2910714286E-01
    0.2910714286E-01
    0.2910714286E-01
    0.2910714286E-01
    0.2910714286E-01
    0.2910714286E-01
    0.2910714286E-01
    0.2910714286E-01
    0.2956776968E-01
    0.3037423156E-01
    0.3136237773E-01
    0.3238915081E-01
    0.3333316213E-01
    0.3409360817E-01
    0.3459112105E-01
    0.3476787028E-01
    0.3107142857E-01
    0.3107142857E-01
    0.3107142857E-01
    0.3107142857E-01
    0.3107142857E-01
    0.3107142857E-01
    0.3107142857E-01
    0.3107142857E-01
    0.3107142857E-01
    0.3107142857E-01
    0.3107142857E-01
    0.3107142857E-01
    0.3107142857E-01
    0.3107142857E-01
    0.3107142857E-01
    0.3107142857E-01
    0.3107142857E-01
    0.3107142857E-01
    0.3107142857E-01
    0.3107142857E-01
    0.3107142857E-01
    0.3107142857E-01
    0.3107142857E-01
    0.3107142857E-01
    0.3107142857E-01
    0.3107142857E-01
    0.3107142857E-01
    0.3107142857E-01
    0.3107142857E-01
    0.3107142857E-01
    0.3107142857E-01
    0.3107142857E-01
    0.3138017935E-01
    0.3192213013E-01
    0.3258684294E-01
    0.3327800277E-01
    0.3391373525E-01
    0.3442601621E-01
    0.3476114043E-01
    0.3487978458E-01
    0.3303571429E-01
    0.3303571429E-01
    0.3303571429E-01
    0.3303571429E-01
    0.3303571429E-01
    0.3303571429E-01
    0.3303571429E-01
    0.3303571429E-01
    0.3303571429E-01
    0.3303571429E-01
    0.3303571429E-01
    0.3303571429E-01
    0.3303571429E-01
    0.3303571429E-01
    0.3303571429E-01
    0.3303571429E-01
    0.3303571429E-01
    0.3303571429E-01
    0.3303571429E-01
    0.3303571429E-01
    0.3303571429E-01
    0.3303571429E-01
    0.3303571429E-01
    0.3303571429E-01
    0.3303571429E-01
    0.3303571429E-01
    0.3303571429E-01
    0.3303571429E-01
    0.3303571429E-01
    0.3303571429E-01
    0.3303571429E-01
    0.3303571429E-01
    0.3319069094E-01
    0.3346322758E-01
    0.3379774953E-01
    0.3414576260E-01
    0.3446598518E-01
    0.3472410568E-01
    0.3489297706E-01
    0.3495264546E-01
    0.3500000000E-01
    0.3500000000E-01
    0.3500000000E-01
    0.3500000000E-01
    0.3500000000E-01
    0.3500000000E-01
    0.3500000000E-01
    0.3500000000E-01
    0.3500000000E-01
    0.3500000000E-01
    0.3500000000E-01
    0.3500000000E-01
    0.3500000000E-01
    0.3500000000E-01
    0.3500000000E-01
    0.3500000000E-01
    0.3500000000E-01
    0.3500000000E-01
    0.3500000000E-01
    0.3500000000E-01
    0.3500000000E-01
    0.3500000000E-01
    0.3500000000E-01
    0.3500000000E-01
    0.3500000000E-01
    0.3500000000E-01
    0.3500000000E-01
    0.3500000000E-01
    0.3500000000E-01
    0.3500000000E-01
    0.3500000000E-01
    0.3500000000E-01
    0.3500000000E-01
    0.3500000000E-01
    0.3500000000E-01
    0.3500000000E-01
    0.3500000000E-01
    0.3500000000E-01
    0.3500000000E-01
    0.3500000000E-01
    0.3702244694E-01
    0.3702244694E-01
    0.3702244694E-01
    0.3702244694E-01
    0.3702244694E-01
    0.3702244694E-01
    0.3702244694E-01
    0.3702244694E-01
    0.3702244694E-01
    0.3702244694E-01
    0.3702244694E-01
    0.3702244694E-01
    0.3702244694E-01
    0.3702244694E-01
    0.3702244694E-01
    0.3702244694E-01
    0.3702244694E-01
    0.3702244694E-01
    0.3702244694E-01
    0.3702244694E-01
    0.3702244694E-01
    0.3702244694E-01
    0.3702244694E-01
    0.3702244694E-01
    0.3702244694E-01
    0.3702244694E-01
    0.3702244694E-01
    0.3702244694E-01
    0.3702244694E-01
    0.3702244694E-01
    0.3702244694E-01
    0.3702244694E-01
    0.3693856632E-01
    0.3671742649E-01
    0.3640478054E-01
    0.3604638151E-01
    0.3568798249E-01
    0.3537533653E-01
    0.3515419671E-01
    0.3507031608E-01
    0.3856673833E-01
    0.3856673833E-01
    0.3856673833E-01
    0.3856673833E-01
    0.3856673833E-01
    0.3856673833E-01
    0.3856673833E-01
    0.3856673833E-01
    0.3856673833E-01
    0.3856673833E-01
    0.3856673833E-01
    0.3856673833E-01
    0.3856673833E-01
    0.3856673833E-01
    0.3856673833E-01
    0.3856673833E-01
    0.3856673833E-01
    0.3856673833E-01
    0.3856673833E-01
    0.3856673833E-01
    0.3856673833E-01
    0.3856673833E-01
    0.3856673833E-01
    0.3856673833E-01
    0.3856673833E-01
    0.3856673833E-01
    0.3856673833E-01
    0.3856673833E-01
    0.3856673833E-01
    0.3856673833E-01
    0.3856673833E-01
    0.3856673833E-01
    0.3842745620E-01
    0.3806025786E-01
    0.3754111538E-01
    0.3694600083E-01
    0.3635088629E-01
    0.3583174381E-01
    0.3546454547E-01
    0.3532526334E-01
    0.3952044284E-01
    0.3952044284E-01
    0.3952044284E-01
    0.3952044284E-01
    0.3952044284E-01
    0.3952044284E-01
    0.3952044284E-01
    0.3952044284E-01
    0.3952044284E-01
    0.3952044284E-01
    0.3952044284E-01
    0.3952044284E-01
    0.3952044284E-01
    0.3952044284E-01
    0.3952044284E-01
    0.3952044284E-01
    0.3952044284E-01
    0.3952044284E-01
    0.3952044284E-01
    0.3952044284E-01
    0.3952044284E-01
    0.3952044284E-01
    0.3952044284E-01
    0.3952044284E-01
    0.3952044284E-01
    0.3952044284E-01
    0.3952044284E-01
    0.3952044284E-01
    0.3952044284E-01
    0.3952044284E-01
    0.3952044284E-01
    0.3952044284E-01
    0.3937427356E-01
    0.3898891817E-01
    0.3844410539E-01
    0.3781956391E-01
    0.3719502243E-01
    0.3665020965E-01
    0.3626485427E-01
    0.3611868499E-01
    0.4003438089E-01
    0.4003438089E-01
    0.4003438089E-01
    0.4003438089E-01
    0.4003438089E-01
    0.4003438089E-01
    0.4003438089E-01
    0.4003438089E-01
    0.4003438089E-01
    0.4003438089E-01
    0.4003438089E-01
    0.4003438089E-01
    0.4003438089E-01
    0.4003438089E-01
    0.4003438089E-01
    0.4003438089E-01
    0.4003438089E-01
    0.4003438089E-01
    0.4003438089E-01
    0.4003438089E-01
    0.4003438089E-01
    0.4003438089E-01
    0.4003438089E-01
    0.4003438089E-01
    0.4003438089E-01
    0.4003438089E-01
    0.4003438089E-01
    0.4003438089E-01
    0.4003438089E-01
    0.4003438089E-01
    0.4003438089E-01
    0.4003438089E-01
    0.3993622390E-01
    0.3967744638E-01
    0.3931158850E-01
    0.3889219045E-01
    0.3847279239E-01
    0.3810693451E-01
    0.3784815699E-01
    0.3775000000E-01
    0.4029113323E-01
    0.4029113323E-01
    0.4029113323E-01
    0.4029113323E-01
    0.4029113323E-01
    0.4029113323E-01
    0.4029113323E-01
    0.4029113323E-01
    0.4029113323E-01
    0.4029113323E-01
    0.4029113323E-01
    0.4029113323E-01
    0.4029113323E-01
    0.4029113323E-01
    0.4029113323E-01
    0.4029113323E-01
    0.4029113323E-01
    0.4029113323E-01
    0.4029113323E-01
    0.4029113323E-01
    0.4029113323E-01
    0.4029113323E-01
    0.4029113323E-01
    0.4029113323E-01
    0.4029113323E-01
    0.4029113323E-01
    0.4029113323E-01
    0.4029113323E-01
    0.4029113323E-01
    0.4029113323E-01
    0.4029113323E-01
    0.4029113323E-01
    0.4025203948E-01
    0.4014897414E-01
    0.4000326106E-01
    0.3983622412E-01
    0.3966918718E-01
    0.3952347411E-01
    0.3942040876E-01
    0.3938131501E-01
    0.4041454993E-01
    0.4041454993E-01
    0.4041454993E-01
    0.4041454993E-01
    0.4041454993E-01
    0.4041454993E-01
    0.4041454993E-01
    0.4041454993E-01
    0.4041454993E-01
    0.4041454993E-01
    0.4041454993E-01
    0.4041454993E-01
    0.4041454993E-01
    0.4041454993E-01
    0.4041454993E-01
    0.4041454993E-01
    0.4041454993E-01
    0.4041454993E-01
    0.4041454993E-01
    0.4041454993E-01
    0.4041454993E-01
    0.4041454993E-01
    0.4041454993E-01
    0.4041454993E-01
    0.4041454993E-01
    0.4041454993E-01
    0.4041454993E-01
    0.4041454993E-01
    0.4041454993E-01
    0.4041454993E-01
    0.4041454993E-01
    0.4041454993E-01
    0.4040424545E-01
    0.4037707911E-01
    0.4033867151E-01
    0.4029464329E-01
    0.4025061508E-01
    0.4021220748E-01
    0.4018504113E-01
    0.4017473666E-01
    0.4047277422E-01
    0.4047277422E-01
    0.4047277422E-01
    0.4047277422E-01
    0.4047277422E-01
    0.4047277422E-01
    0.4047277422E-01
    0.4047277422E-01
    0.4047277422E-01
    0.4047277422E-01
    0.4047277422E-01
    0.4047277422E-01
    0.4047277422E-01
    0.4047277422E-01
    0.4047277422E-01
    0.4047277422E-01
    0.4047277422E-01
    0.4047277422E-01
    0.4047277422E-01
    0.4047277422E-01
    0.4047277422E-01
    0.4047277422E-01
    0.4047277422E-01
    0.4047277422E-01
    0.4047277422E-01
    0.4047277422E-01
    0.4047277422E-01
    0.4047277422E-01
    0.4047277422E-01
    0.4047277422E-01
    0.4047277422E-01
    0.4047277422E-01
    0.4047092268E-01
    0.4046604136E-01
    0.4045914018E-01
    0.4045122907E-01
    0.4044331796E-01
    0.4043641678E-01
    0.4043153545E-01
    0.4042968392E-01
    0.4050000000E-01
    0.4050000000E-01
    0.4050000000E-01
    0.4050000000E-01
    0.4050000000E-01
    0.4050000000E-01
    0.4050000000E-01
    0.4050000000E-01
    0.4050000000E-01
    0.4050000000E-01
    0.4050000000E-01
    0.4050000000E-01
    0.4050000000E-01
    0.4050000000E-01
    0.4050000000E-01
    0.4050000000E-01
    0.4050000000E-01
    0.4050000000E-01
    0.4050000000E-01
    0.4050000000E-01
    0.4050000000E-01
    0.4050000000E-01
    0.4050000000E-01
    0.4050000000E-01
    0.4050000000E-01
    0.4050000000E-01
    0.4050000000E-01
    0.4050000000E-01
    0.4050000000E-01
    0.4050000000E-01
    0.4050000000E-01
    0.4050000000E-01
    0.4050000000E-01
    0.4050000000E-01
    0.4050000000E-01
    0.4050000000E-01
    0.4050000000E-01
    0.4050000000E-01
    0.4050000000E-01
    0.4050000000E-01
 ZONE T="Block            4 "
 I=  21, J=  15, K= 1, ZONETYPE=Ordered
 DATAPACKING=BLOCK
 DT=(SINGLE SINGLE)
    0.1890000000E+00
    0.1921599500E+00
    0.1953199000E+00
    0.1984798500E+00
    0.2016398000E+00
    0.2047997500E+00
    0.2079597000E+00
    0.2111196500E+00
    0.2142796000E+00
    0.2174395500E+00
    0.2205995000E+00
    0.2237594500E+00
    0.2269194000E+00
    0.2300793500E+00
    0.2332393000E+00
    0.2363992500E+00
    0.2395592000E+00
    0.2427191500E+00
    0.2458791000E+00
    0.2490390500E+00
    0.2521990000E+00
    0.1890000000E+00
    0.1921599500E+00
    0.1953199000E+00
    0.1984798500E+00
    0.2016398000E+00
    0.2047997500E+00
    0.2079597000E+00
    0.2111196500E+00
    0.2142796000E+00
    0.2174395500E+00
    0.2205995000E+00
    0.2237594500E+00
    0.2269194000E+00
    0.2300793500E+00
    0.2332393000E+00
    0.2363992500E+00
    0.2395592000E+00
    0.2427191500E+00
    0.2458791000E+00
    0.2490390500E+00
    0.2521990000E+00
    0.1890000000E+00
    0.1921599500E+00
    0.1953199000E+00
    0.1984798500E+00
    0.2016398000E+00
    0.2047997500E+00
    0.2079597000E+00
    0.2111196500E+00
    0.2142796000E+00
    0.2174395500E+00
    0.2205995000E+00
    0.2237594500E+00
    0.2269194000E+00
    0.2300793500E+00
    0.2332393000E+00
    0.2363992500E+00
    0.2395592000E+00
    0.2427191500E+00
    0.2458791000E+00
    0.2490390500E+00
    0.2521990000E+00
    0.1890000000E+00
    0.1921599500E+00
    0.1953199000E+00
    0.1984798500E+00
    0.2016398000E+00
    0.2047997500E+00
    0.2079597000E+00
    0.2111196500E+00
    0.2142796000E+00
    0.2174395500E+00
    0.2205995000E+00
    0.2237594500E+00
    0.2269194000E+00
    0.2300793500E+00
    0.2332393000E+00
    0.2363992500E+00
    0.2395592000E+00
    0.2427191500E+00
    0.2458791000E+00
    0.2490390500E+00
    0.2521990000E+00
    0.1890000000E+00
    0.1921599500E+00
    0.1953199000E+00
    0.1984798500E+00
    0.2016398000E+00
    0.2047997500E+00
    0.2079597000E+00
    0.2111196500E+00
    0.2142796000E+00
    0.2174395500E+00
    0.2205995000E+00
    0.2237594500E+00
    0.2269194000E+00
    0.2300793500E+00
    0.2332393000E+00
    0.2363992500E+00
    0.2395592000E+00
    0.2427191500E+00
    0.2458791000E+00
    0.2490390500E+00
    0.2521990000E+00
    0.1890000000E+00
    0.1921599500E+00
    0.1953199000E+00
    0.1984798500E+00
    0.2016398000E+00
    0.2047997500E+00
    0.2079597000E+00
    0.2111196500E+00
    0.2142796000E+00
    0.2174395500E+00
    0.2205995000E+00
    0.2237594500E+00
    0.2269194000E+00
    0.2300793500E+00
    0.2332393000E+00
    0.2363992500E+00
    0.2395592000E+00
    0.2427191500E+00
    0.2458791000E+00
    0.2490390500E+00
    0.2521990000E+00
    0.1890000000E+00
    0.1921599500E+00
    0.1953199000E+00
    0.1984798500E+00
    0.2016398000E+00
    0.2047997500E+00
    0.2079597000E+00
    0.2111196500E+00
    0.2142796000E+00
    0.2174395500E+00
    0.2205995000E+00
    0.2237594500E+00
    0.2269194000E+00
    0.2300793500E+00
    0.2332393000E+00
    0.2363992500E+00
    0.2395592000E+00
    0.2427191500E+00
    0.2458791000E+00
    0.2490390500E+00
    0.2521990000E+00
    0.1890000000E+00
    0.1921599500E+00
    0.1953199000E+00
    0.1984798500E+00
    0.2016398000E+00
    0.2047997500E+00
    0.2079597000E+00
    0.2111196500E+00
    0.2142796000E+00
    0.2174395500E+00
    0.2205995000E+00
    0.2237594500E+00
    0.2269194000E+00
    0.2300793500E+00
    0.2332393000E+00
    0.2363992500E+00
    0.2395592000E+00
    0.2427191500E+00
    0.2458791000E+00
    0.2490390500E+00
    0.2521990000E+00
    0.1890000000E+00
    0.1921599500E+00
    0.1953199000E+00
    0.1984798500E+00
    0.2016398000E+00
    0.2047997500E+00
    0.2079597000E+00
    0.2111196500E+00
    0.2142796000E+00
    0.2174395500E+00
    0.2205995000E+00
    0.2237594500E+00
    0.2269194000E+00
    0.2300793500E+00
    0.2332393000E+00
    0.2363992500E+00
    0.2395592000E+00
    0.2427191500E+00
    0.2458791000E+00
    0.2490390500E+00
    0.2521990000E+00
    0.1890000000E+00
    0.1921599500E+00
    0.1953199000E+00
    0.1984798500E+00
    0.2016398000E+00
    0.2047997500E+00
    0.2079597000E+00
    0.2111196500E+00
    0.2142796000E+00
    0.2174395500E+00
    0.2205995000E+00
    0.2237594500E+00
    0.2269194000E+00
    0.2300793500E+00
    0.2332393000E+00
    0.2363992500E+00
    0.2395592000E+00
    0.2427191500E+00
    0.2458791000E+00
    0.2490390500E+00
    0.2521990000E+00
    0.1890000000E+00
    0.1921599500E+00
    0.1953199000E+00
    0.1984798500E+00
    0.2016398000E+00
    0.2047997500E+00
    0.2079597000E+00
    0.2111196500E+00
    0.2142796000E+00
    0.2174395500E+00
    0.2205995000E+00
    0.2237594500E+00
    0.2269194000E+00
    0.2300793500E+00
    0.2332393000E+00
    0.2363992500E+00
    0.2395592000E+00
    0.2427191500E+00
    0.2458791000E+00
    0.2490390500E+00
    0.2521990000E+00
    0.1890000000E+00
    0.1921599500E+00
    0.1953199000E+00
    0.1984798500E+00
    0.2016398000E+00
    0.2047997500E+00
    0.2079597000E+00
    0.2111196500E+00
    0.2142796000E+00
    0.2174395500E+00
    0.2205995000E+00
    0.2237594500E+00
    0.2269194000E+00
    0.2300793500E+00
    0.2332393000E+00
    0.2363992500E+00
    0.2395592000E+00
    0.2427191500E+00
    0.2458791000E+00
    0.2490390500E+00
    0.2521990000E+00
    0.1890000000E+00
    0.1921599500E+00
    0.1953199000E+00
    0.1984798500E+00
    0.2016398000E+00
    0.2047997500E+00
    0.2079597000E+00
    0.2111196500E+00
    0.2142796000E+00
    0.2174395500E+00
    0.2205995000E+00
    0.2237594500E+00
    0.2269194000E+00
    0.2300793500E+00
    0.2332393000E+00
    0.2363992500E+00
    0.2395592000E+00
    0.2427191500E+00
    0.2458791000E+00
    0.2490390500E+00
    0.2521990000E+00
    0.1890000000E+00
    0.1921599500E+00
    0.1953199000E+00
    0.1984798500E+00
    0.2016398000E+00
    0.2047997500E+00
    0.2079597000E+00
    0.2111196500E+00
    0.2142796000E+00
    0.2174395500E+00
    0.2205995000E+00
    0.2237594500E+00
    0.2269194000E+00
    0.2300793500E+00
    0.2332393000E+00
    0.2363992500E+00
    0.2395592000E+00
    0.2427191500E+00
    0.2458791000E+00
    0.2490390500E+00
    0.2521990000E+00
    0.1890000000E+00
    0.1921599500E+00
    0.1953199000E+00
    0.1984798500E+00
    0.2016398000E+00
    0.2047997500E+00
    0.2079597000E+00
    0.2111196500E+00
    0.2142796000E+00
    0.2174395500E+00
    0.2205995000E+00
    0.2237594500E+00
    0.2269194000E+00
    0.2300793500E+00
    0.2332393000E+00
    0.2363992500E+00
    0.2395592000E+00
    0.2427191500E+00
    0.2458791000E+00
    0.2490390500E+00
    0.2521990000E+00
    0.0000000000E+00
    0.0000000000E+00
    0.0000000000E+00
    0.0000000000E+00
    0.0000000000E+00
    0.0000000000E+00
    0.0000000000E+00
    0.0000000000E+00
    0.0000000000E+00
    0.0000000000E+00
    0.0000000000E+00
    0.0000000000E+00
    0.0000000000E+00
    0.0000000000E+00
    0.0000000000E+00
    0.0000000000E+00
    0.0000000000E+00
    0.0000000000E+00
    0.0000000000E+00
    0.0000000000E+00
    0.0000000000E+00
    0.4000000000E-02
    0.3681832099E-02
    0.3421967847E-02
    0.3187018600E-02
    0.2948985214E-02
    0.2684954124E-02
    0.2376176303E-02
    0.2008521352E-02
    0.1626192174E-02
    0.1347125284E-02
    0.1157557088E-02
    0.1051053767E-02
    0.1029864290E-02
    0.1138987230E-02
    0.1383149808E-02
    0.1645424398E-02
    0.1919273994E-02
    0.2199926564E-02
    0.2481858365E-02
    0.2757558821E-02
    0.3019168897E-02
    0.8000000000E-02
    0.7352559772E-02
    0.6806733109E-02
    0.6305261365E-02
    0.5799824945E-02
    0.5250487794E-02
    0.4623934526E-02
    0.3894390367E-02
    0.3146023311E-02
    0.2601890732E-02
    0.2232693884E-02
    0.2024233184E-02
    0.1979359377E-02
    0.2181672078E-02
    0.2637546348E-02
    0.3124987741E-02
    0.3632135223E-02
    0.4150470202E-02
    0.4670133653E-02
    0.5177907562E-02
    0.5659951230E-02
    0.1200000000E-01
    0.1100726969E-01
    0.1013740298E-01
    0.9322598881E-02
    0.8505222829E-02
    0.7637029945E-02
    0.6676643663E-02
    0.5590936272E-02
    0.4498658679E-02
    0.3709135945E-02
    0.3174475967E-02
    0.2870280183E-02
    0.2797124398E-02
    0.3067072059E-02
    0.3683576310E-02
    0.4338382564E-02
    0.5016234980E-02
    0.5706510474E-02
    0.6396906782E-02
    0.7071234393E-02
    0.7712524444E-02
    0.1600000000E-01
    0.1464730092E-01
    0.1341794678E-01
    0.1224526423E-01
    0.1107224656E-01
    0.9850543695E-02
    0.8537239127E-02
    0.7096683612E-02
    0.5678338393E-02
    0.4660221795E-02
    0.3972416234E-02
    0.3577387910E-02
    0.3470078874E-02
    0.3780470788E-02
    0.4504781353E-02
    0.5268088737E-02
    0.6053739389E-02
    0.6850727072E-02
    0.7646279031E-02
    0.8423900491E-02
    0.9166291543E-02
    0.2007862317E-01
    0.1834766202E-01
    0.1672416687E-01
    0.1515100921E-01
    0.1357922482E-01
    0.1196673903E-01
    0.1027447480E-01
    0.8468668985E-02
    0.6728220075E-02
    0.5487757471E-02
    0.4651777182E-02
    0.4166442114E-02
    0.4017651852E-02
    0.4344402084E-02
    0.5132185357E-02
    0.5955366586E-02
    0.6797579130E-02
    0.7648940054E-02
    0.8497930224E-02
    0.9329895467E-02
    0.1012949004E-01
    0.2380105354E-01
    0.2171942945E-01
    0.1972270289E-01
    0.1776637199E-01
    0.1581234450E-01
    0.1382740535E-01
    0.1177874112E-01
    0.9636719737E-02
    0.7606540658E-02
    0.6167969940E-02
    0.5200459728E-02
    0.4633651597E-02
    0.4443340775E-02
    0.4771841250E-02
    0.5593219906E-02
    0.6444686909E-02
    0.7311038118E-02
    0.8184210424E-02
    0.9054735252E-02
    0.9910721420E-02
    0.1073976369E-01
    0.2692553219E-01
    0.2454699373E-01
    0.2223050697E-01
    0.1994395199E-01
    0.1766000664E-01
    0.1535439068E-01
    0.1300091715E-01
    0.1057468239E-01
    0.8302874046E-02
    0.6700061193E-02
    0.5623792664E-02
    0.4988942824E-02
    0.4761806153E-02
    0.5084923268E-02
    0.5921996354E-02
    0.6783788903E-02
    0.7656534020E-02
    0.8534102191E-02
    0.9409208282E-02
    0.1027281117E-01
    0.1111554377E-01
    0.2936899732E-01
    0.2675707029E-01
    0.2418750123E-01
    0.2163864507E-01
    0.1909234708E-01
    0.1653200937E-01
    0.1393728283E-01
    0.1128759376E-01
    0.8827366307E-02
    0.7096976411E-02
    0.5936402478E-02
    0.5248497669E-02
    0.4991585447E-02
    0.5307088100E-02
    0.6150250524E-02
    0.7013534750E-02
    0.7884526906E-02
    0.8758808533E-02
    0.9631027923E-02
    0.1049462467E-01
    0.1134287859E-01
    0.3117627898E-01
    0.2839118049E-01
    0.2563302045E-01
    0.2288825369E-01
    0.2014584364E-01
    0.1739519677E-01
    0.1462059506E-01
    0.1180498222E-01
    0.9205588018E-02
    0.7381231542E-02
    0.6158676014E-02
    0.5431635835E-02
    0.5152251311E-02
    0.5460457499E-02
    0.6305086690E-02
    0.7166261579E-02
    0.8032683106E-02
    0.8901294693E-02
    0.9768283679E-02
    0.1062904386E-01
    0.1147894083E-01
    0.3245864185E-01
    0.2955041206E-01
    0.2665777501E-01
    0.2377309242E-01
    0.2089053423E-01
    0.1800391941E-01
    0.1510096813E-01
    0.1216727933E-01
    0.9469215108E-02
    0.7578381617E-02
    0.6312054234E-02
    0.5557330529E-02
    0.5261806537E-02
    0.5564015500E-02
    0.6408169699E-02
    0.7266253497E-02
    0.8127817075E-02
    0.8990817255E-02
    0.9852586474E-02
    0.1070996278E-01
    0.1155985301E-01
    0.3334197148E-01
    0.3034880169E-01
    0.2736321245E-01
    0.2438170831E-01
    0.2140211931E-01
    0.1842137745E-01
    0.1542964721E-01
    0.1241443953E-01
    0.9648439944E-02
    0.7711920965E-02
    0.6415564946E-02
    0.5641838397E-02
    0.5335118018E-02
    0.5632781988E-02
    0.6475829492E-02
    0.7330968969E-02
    0.8188366246E-02
    0.9046699664E-02
    0.9904116795E-02
    0.1075847908E-01
    0.1160778503E-01
    0.3393808153E-01
    0.3088752946E-01
    0.2783905239E-01
    0.2479198577E-01
    0.2174666526E-01
    0.1870216023E-01
    0.1565032353E-01
    0.1258000083E-01
    0.9768167464E-02
    0.7800876184E-02
    0.6484329671E-02
    0.5697827458E-02
    0.5383521209E-02
    0.5677901893E-02
    0.6519787391E-02
    0.7372509011E-02
    0.8226664627E-02
    0.9081431434E-02
    0.9935520491E-02
    0.1078749836E-01
    0.1163611530E-01
    0.3433481463E-01
    0.3124604167E-01
    0.2815562897E-01
    0.2506481295E-01
    0.2197561447E-01
    0.1888854380E-01
    0.1579659786E-01
    0.1268953485E-01
    0.9847200163E-02
    0.7859460562E-02
    0.6529521087E-02
    0.5734549182E-02
    0.5415183858E-02
    0.5707262404E-02
    0.6548146003E-02
    0.7399023490E-02
    0.8250789404E-02
    0.9102959114E-02
    0.9954625656E-02
    0.1080483234E-01
    0.1165283745E-01
    0.3459642012E-01
    0.3148242837E-01
    0.2836432087E-01
    0.2524459578E-01
    0.2212639390E-01
    0.1901118512E-01
    0.1589273147E-01
    0.1276140639E-01
    0.9898957620E-02
    0.7897751116E-02
    0.6559006597E-02
    0.5758471206E-02
    0.5435766878E-02
    0.5726261932E-02
    0.6566355597E-02
    0.7415885699E-02
    0.8265947449E-02
    0.9116282414E-02
    0.9966239171E-02
    0.1081517927E-01
    0.1166270000E-01
